#config f cx cy
293 503 259
#image x y z h
4 -129 91 286 121
4 -118 107 286 118
4 -122 118 286 118
5 -132 87 286 120
5 -126 90 286 131
5 -123 90 286 131
5 -120 90 286 131
5 -111 106 286 112
6 -127 86 286 95
6 -132 85 286 113
6 -109 106 286 121
7 -133 85 286 111
7 -125 94 286 108
8 -133 77 286 101
8 -131 86 286 121
8 -118 141 286 88
8 -124 147 286 88
9 -128 88 286 126
10 -128 79 286 98
10 -125 92 286 126
11 -130 86 286 110
11 -108 114 286 114
11 -108 118 286 124
12 -130 88 286 116
12 -120 109 286 116
13 -134 84 286 125
13 -125 105 286 124
13 -101 103 286 125
13 -101 104 286 125
13 -122 110 286 124
13 -109 111 286 123
13 -117 114 286 131
14 -130 86 286 122
14 -112 109 286 115
15 -129 80 286 124
15 -131 88 286 137
15 -123 107 286 111
16 -122 87 286 128
16 -119 110 286 106
18 -131 90 286 122
18 -120 106 286 122
18 -114 110 286 114
19 -131 88 286 115
19 -122 100 286 112
19 -116 113 286 111
19 -118 120 286 122
20 -131 88 286 135
20 -125 89 286 132
20 -113 106 286 114
21 -132 88 286 128
21 -108 104 286 117
21 -110 106 286 117
22 -128 82 286 121
22 -116 100 286 103
22 -111 112 286 130
22 -111 124 286 117
23 -162 55 286 107
23 -131 88 286 128
23 -123 98 286 126
23 -119 105 286 123
24 -132 82 286 104
24 -111 107 286 118
25 -126 86 286 131
25 -112 107 286 114
25 -108 108 286 114
25 -124 122 286 108
26 -131 85 286 106
26 -140 83 286 115
27 -134 85 286 125
27 -119 121 286 122
28 -133 80 286 95
28 -134 87 286 129
28 -129 87 286 138
28 -123 104 286 126
29 -132 84 286 126
29 -122 104 286 118
29 -115 105 286 118
30 -136 85 286 122
30 -132 88 286 128
30 -102 107 286 123
30 -113 117 286 119
31 -130 83 286 117
31 -121 106 286 105
32 -128 87 286 129
32 -121 111 286 109
33 -137 80 286 97
33 -126 85 286 113
33 -119 105 286 122
33 -123 114 286 118
34 -135 79 286 81
34 -129 87 286 118
35 -131 87 286 122
35 -120 106 286 114
36 -128 84 286 126
36 -120 104 286 113
36 -121 106 286 113
37 -129 89 286 133
38 -133 83 286 105
38 -125 100 286 131
39 -136 84 286 115
39 -125 97 286 108
39 -113 100 286 116
40 -121 89 286 93
40 -134 79 286 137
40 -132 83 286 140
40 -128 91 286 129
40 -107 105 286 124
40 -121 111 286 136
41 -131 87 286 129
42 -133 80 286 111
42 -131 88 286 114
42 -124 108 286 108
43 -137 85 286 113
43 -131 85 286 124
44 -134 85 286 124
44 -110 110 286 121
45 -128 84 286 119
45 -125 109 286 107
46 -130 82 286 130
46 -131 87 286 129
46 -113 111 286 105
47 -131 80 286 97
47 -134 80 286 122
47 -125 90 286 138
47 -115 118 286 120
48 -133 86 286 110
49 -131 77 286 87
49 -126 86 286 87
49 -130 87 286 110
49 -120 106 286 87
49 -126 110 286 115
49 -121 111 286 123
50 -164 55 286 106
50 -164 61 286 104
50 -141 81 286 89
50 -133 83 286 102
50 -124 94 286 133
50 -110 122 286 119
51 -128 85 286 113
51 -121 111 286 122
51 -122 123 286 119
52 -130 83 286 118
52 -117 106 286 106
53 -130 82 286 130
54 -123 90 286 140
54 -103 104 286 122
54 -121 104 286 135
54 -104 107 286 127
55 -130 87 286 116
55 -127 91 286 105
56 -133 85 286 126
56 -121 95 286 121
56 -116 101 286 112
57 -126 89 286 125
58 -127 82 145 1
58 -117 103 167 1
58 -114 106 172 2
58 -117 109 168 1
59 -131 86 286 122
59 -106 105 286 119
60 -124 86 286 77
60 -131 88 286 128
60 -129 88 286 126
60 -102 104 286 123
61 -126 90 286 131
61 -111 114 286 109
61 -134 88 286 169
61 -120 127 286 114
62 -130 82 286 131
63 -126 83 146 1
63 -121 104 180 1
63 -126 90 148 1
64 -127 87 286 119
64 -130 88 286 130
64 -128 92 286 124
64 -117 98 286 126
64 -111 109 286 120
65 -133 83 286 104
65 -122 94 286 113
65 -124 110 286 112
65 -116 113 286 110
66 -126 89 286 125
66 -122 107 286 111
67 -132 76 286 87
67 -130 79 286 136
67 -124 91 286 139
68 -134 80 286 109
68 -130 83 286 117
68 -124 93 286 103
68 -114 115 286 117
69 -129 85 286 110
69 -119 110 286 107
70 -125 90 286 131
71 -131 85 286 135
71 -119 101 286 123
72 -129 85 286 81
72 -131 90 286 122
72 -126 98 286 107
73 -128 87 286 120
73 -114 107 286 103
74 -130 86 286 78
74 -130 83 286 109
74 -103 103 286 127
75 -130 84 286 116
75 -114 108 286 113
76 -129 90 286 132
76 -111 111 286 109
77 -131 89 286 114
78 -127 86 286 122
78 -108 112 286 122
79 -126 86 286 130
80 -122 88 286 113
80 -131 84 286 136
80 -126 89 286 123
80 -21 136 286 97
80 -19 136 286 97
80 -15 137 286 97
80 -21 138 286 97
80 -15 139 286 97
81 -132 84 286 113
81 -130 88 286 116
81 -125 93 286 132
81 -16 128 286 111
81 8 133 286 107
82 -133 86 286 112
82 15 100 286 92
82 15 117 286 94
82 -110 102 286 126
82 -102 103 286 122
82 -19 115 286 129
82 6 123 286 118
83 -7 85 286 96
83 -132 87 286 120
83 -117 109 286 125
83 -118 132 286 107
83 -16 98 286 151
84 -1 68 286 91
84 -129 89 286 124
84 -120 128 286 111
84 -114 128 286 111
84 -18 90 286 162
85 -161 49 286 108
85 -133 82 286 119
85 -12 72 286 158
85 -11 72 286 158
85 -113 121 286 121
86 -158 52 286 98
86 -162 57 286 101
86 -10 56 286 156
86 -134 84 286 102
86 -9 56 286 156
86 -9 57 286 156
86 -124 91 286 110
86 -119 110 286 107
86 -116 118 286 108
86 -113 118 286 108
86 -124 126 286 114
87 -6 38 286 158
87 -132 84 286 115
87 -119 110 286 124
88 -1 16 286 160
88 -2 19 286 160
88 -129 85 286 122
88 -126 90 286 131
89 1 0 286 162
89 7 25 286 124
89 -127 89 286 142
90 2 0 286 128
90 -130 87 286 116
90 -116 103 286 126
90 -108 102 286 127
91 -131 84 286 115
91 -116 103 286 109
92 -133 82 286 117
93 -129 76 286 89
93 -132 87 286 105
94 -129 87 286 110
94 -129 94 286 100
94 -123 105 286 103
95 -130 89 286 124
95 -120 93 286 124
96 -132 87 286 127
96 -119 111 286 97
96 -114 112 286 94
97 -130 89 286 132
97 -113 123 286 120
98 -132 84 286 127
98 -132 88 286 128
98 -129 90 286 123
98 -127 89 286 123
99 -129 78 286 100
99 -129 85 286 126
99 -123 108 286 110
99 -108 110 286 115
100 -133 85 286 112
101 -128 90 286 121
101 -117 106 286 126
102 -130 87 286 118
102 -104 101 286 127
103 -127 80 286 97
103 -131 86 286 120
104 -128 88 286 123
104 -125 98 286 125
104 -120 101 286 123
105 -140 82 286 92
105 -131 81 286 123
105 -124 92 286 126
106 -127 84 286 114
106 -120 110 286 124
107 -136 84 286 127
107 -128 87 286 129
108 -136 81 286 121
108 -131 86 286 129
109 -131 87 286 131
109 -119 112 286 105
109 -115 124 286 118
110 -132 88 286 127
110 -128 88 286 126
110 -115 114 286 109
110 -112 114 286 109
110 -121 128 286 112
110 -67 146 286 89
110 -50 146 286 89
111 -128 88 286 128
111 -111 113 286 110
111 -109 120 286 122
111 -57 129 286 110
111 -34 143 286 94
112 -138 80 286 96
112 -134 84 286 102
112 -125 94 286 124
112 -17 131 286 77
112 -116 112 286 118
112 -53 125 286 115
113 -124 90 286 139
113 -122 120 286 110
113 -122 108 286 141
113 -48 115 286 129
114 -130 83 286 117
114 -122 100 286 113
114 -122 107 286 119
114 -124 118 286 116
114 -117 123 286 109
114 -43 95 286 157
114 3 141 286 97
115 -30 63 286 86
115 -123 84 286 133
115 -115 105 286 110
115 -128 112 286 112
115 -43 83 286 160
115 -120 112 286 130
115 -47 87 286 160
115 -45 85 286 160
115 -43 85 286 160
115 -120 114 286 130
115 -115 128 286 112
115 -47 88 286 160
115 -43 88 286 160
115 7 133 286 105
116 -28 46 286 96
116 -130 80 286 124
116 -40 67 286 157
116 -127 89 286 135
116 -39 71 286 159
116 -122 113 286 134
116 16 119 286 124
116 26 119 286 123
116 29 119 286 123
117 -28 27 286 98
117 -137 80 286 98
117 -37 51 286 158
117 -39 52 286 158
117 -132 86 286 121
117 -36 60 286 156
117 -129 87 286 129
117 34 98 286 121
117 -103 103 286 122
117 -103 104 286 122
117 -112 110 286 121
117 17 101 286 149
118 -27 11 286 115
118 -34 36 286 161
118 -34 35 286 161
118 -36 36 286 161
118 -124 97 286 108
118 -106 106 286 125
118 -106 107 286 125
118 -135 87 286 167
118 -135 88 286 167
118 -135 89 286 167
118 -120 117 286 129
118 18 87 286 165
119 -24 0 286 120
119 -29 20 286 159
119 -126 89 286 125
119 -118 103 286 124
119 22 73 286 169
119 22 73 286 169
119 19 76 286 173
119 20 78 286 173
119 21 78 286 173
119 -24 138 286 102
119 -14 138 286 102
119 21 79 286 173
120 -23 3 286 156
120 -24 6 286 158
120 45 55 286 130
120 -125 92 286 114
120 33 61 286 167
120 33 60 286 167
120 26 67 286 166
120 -123 115 286 108
120 -118 125 286 117
120 -111 125 286 117
120 -75 146 286 88
120 -21 125 286 117
120 -13 126 286 115
121 -132 77 286 86
121 -124 81 286 86
121 34 48 286 168
121 -127 89 286 123
121 -118 105 286 123
121 -21 108 286 124
121 -72 133 286 108
121 -42 127 286 114
121 -24 115 286 128
121 -3 129 286 111
122 37 24 286 118
122 47 35 286 163
122 43 36 286 164
122 22 47 286 142
122 -124 93 286 103
122 -26 96 286 131
122 -29 99 286 131
122 -115 112 286 118
122 -113 121 286 119
122 -42 107 286 139
122 -33 110 286 136
122 -22 110 286 135
123 50 22 286 165
123 51 27 286 163
123 -131 89 286 115
123 -26 83 286 133
123 1 95 286 111
123 -106 116 286 111
123 -116 116 286 117
123 -116 117 286 117
123 -26 91 286 162
124 55 2 286 167
124 60 5 286 168
124 60 6 286 168
124 60 8 286 168
124 -122 93 286 92
124 -127 86 286 121
124 -120 106 286 111
124 -118 120 286 123
124 -25 80 286 174
125 61 -1 286 169
125 62 0 286 169
125 63 0 286 169
125 -28 40 286 96
125 -129 86 286 79
125 -112 103 286 98
125 -21 66 286 169
125 -17 63 286 170
125 -124 95 286 126
125 -24 69 286 169
125 -106 110 286 117
125 -119 106 286 137
125 -113 116 286 121
125 -110 118 286 121
126 -5 29 286 165
126 -131 82 286 106
126 -124 91 286 139
126 -123 94 286 140
126 -113 107 286 141
127 0 15 286 171
127 -132 84 286 127
127 -131 87 286 129
127 -108 105 286 121
128 24 0 286 136
128 -127 83 286 129
128 -37 118 286 84
128 -117 109 286 119
128 -114 113 286 113
128 -43 132 286 106
128 -36 134 286 104
128 -32 134 286 104
128 -3 142 286 96
129 -165 56 286 105
129 -165 61 286 104
129 -124 84 286 134
129 -42 113 286 104
129 -119 106 286 122
129 -121 123 286 119
129 -113 122 286 120
129 -24 125 286 116
130 -131 84 286 114
130 -22 99 286 90
130 -125 94 286 108
130 -120 110 286 106
130 -22 115 286 128
131 -136 80 286 94
131 -128 82 286 120
131 -120 104 286 116
131 -117 126 286 90
131 -120 122 286 115
131 -13 102 286 148
132 -131 86 286 131
132 -123 132 286 108
132 -7 90 286 162
133 -4 61 286 160
133 -4 61 286 160
133 -132 87 286 120
133 -11 64 286 158
133 0 68 286 156
133 -119 112 286 106
134 -2 44 286 162
134 -1 54 286 159
134 -129 88 286 118
134 -122 95 286 129
135 0 32 286 164
135 -1 32 286 164
135 -1 32 286 164
135 10 46 286 145
135 -134 82 286 118
135 -124 94 286 138
135 -117 101 286 133
135 -115 125 286 110
135 -116 127 286 110
136 5 15 286 165
136 5 15 286 165
136 3 15 286 165
136 -127 91 286 135
136 -115 112 286 127
137 9 1 286 163
137 -126 89 286 125
137 -107 99 286 116
137 -121 107 286 119
137 -121 105 286 119
137 -108 108 286 119
137 -121 129 286 111
138 5 -1 286 139
138 21 0 286 137
138 -128 86 286 132
138 -121 108 286 121
138 -46 141 286 96
138 -42 140 286 97
139 -129 86 286 133
139 -119 120 286 113
139 -41 128 286 112
140 -20 94 286 105
140 -128 87 286 127
140 -21 101 286 106
140 -113 113 286 105
140 -121 111 286 128
140 -38 117 286 121
140 -13 126 286 115
141 -21 90 286 101
141 -127 91 286 129
141 -13 113 286 131
141 -5 113 286 132
141 13 119 286 123
142 -128 94 286 113
142 -122 101 286 113
142 -108 112 286 108
142 -113 118 286 108
142 -115 127 286 111
142 -5 101 286 147
143 -128 86 286 120
143 -127 130 286 104
143 -127 132 286 104
143 8 90 286 164
143 28 98 286 151
144 -130 87 286 117
144 -119 119 286 119
144 -116 126 286 116
144 12 76 286 181
145 -132 88 286 127
145 16 62 286 181
145 17 62 286 181
145 18 61 286 181
145 -107 109 286 120
146 34 39 286 172
146 23 46 286 182
146 23 46 286 182
146 19 48 286 182
146 23 49 286 182
146 -126 91 286 137
146 -115 109 286 119
146 -115 110 286 119
147 26 20 286 135
147 35 24 286 176
147 13 33 286 156
147 32 32 286 185
147 32 33 286 185
147 33 33 286 185
147 34 33 286 185
147 31 35 286 185
147 -121 88 286 142
147 -124 108 286 139
147 -122 111 286 134
148 20 0 286 125
148 43 13 286 175
148 39 21 286 185
148 41 22 286 185
148 -130 88 286 116
148 -110 116 286 110
148 -118 121 286 115
149 50 10 286 183
149 59 34 286 148
149 -124 94 286 132
149 -118 108 286 135
149 -124 110 286 138
150 63 0 286 181
150 60 0 286 181
150 71 17 286 148
150 -127 82 286 120
150 -113 105 286 112
151 75 1 286 152
151 77 1 286 152
151 83 1 286 153
151 83 4 286 151
151 76 7 286 150
151 -129 84 286 126
151 -126 110 286 137
152 -131 80 286 121
152 -124 85 286 130
153 -133 84 286 103
153 -125 91 286 108
153 -112 105 286 115
154 -132 87 286 128
154 -116 115 286 117
155 -132 78 286 84
155 -130 85 286 122
155 -130 89 286 125
156 -127 90 286 123
157 -125 89 286 90
157 -133 84 286 127
157 -121 99 286 114
157 -124 109 286 109
157 -114 111 286 105
158 -133 85 286 112
158 -124 103 286 108
158 -109 114 286 111
158 -115 114 286 118
159 -128 86 286 121
159 -123 106 286 118
159 -121 111 286 123
160 -130 87 286 108
160 -119 111 286 113
160 -116 117 286 117
161 -134 82 286 108
161 -132 83 286 126
161 -129 88 286 124
161 -133 89 286 124
161 -131 89 286 124
162 -142 82 286 90
162 -132 83 286 105
162 -114 117 286 119
163 -131 88 286 115
164 -131 89 286 124
164 -122 107 286 120
165 -130 88 286 116
166 -133 86 286 119
166 -119 103 286 98
166 -117 113 286 133
167 -128 84 286 84
167 -134 86 286 124
167 -109 100 286 124
167 -104 106 286 120
168 -137 82 286 119
168 -131 87 286 130
168 -124 114 286 133
169 -132 85 286 127
169 -109 117 286 119
169 -122 117 286 127
169 -71 140 286 99
169 -49 133 286 105
169 -34 135 286 102
170 -138 83 286 104
170 -125 86 286 124
170 -119 111 286 123
170 -106 111 286 124
170 -119 122 286 121
170 -28 115 286 129
170 -9 129 286 112
171 -127 78 286 100
171 -128 87 286 128
171 -124 91 286 127
171 -109 107 286 126
171 -124 114 286 126
171 -124 115 286 126
171 -59 116 286 129
171 -36 111 286 134
171 -34 111 286 134
171 -32 111 286 134
172 -2 92 286 93
172 -126 84 286 136
172 -122 109 286 112
172 -117 125 286 116
172 -49 99 286 152
172 -20 94 286 158
172 -1 130 286 109
173 2 95 286 110
173 -126 90 286 130
173 -122 117 286 120
173 -33 83 286 171
173 -31 83 286 171
173 -28 83 286 171
173 -25 83 286 171
173 -24 83 286 171
174 -130 85 286 124
174 -17 54 286 176
174 -16 55 286 176
174 -16 57 286 176
174 -122 93 286 141
175 -9 41 286 175
175 -8 47 286 174
175 -124 88 286 127
175 -116 102 286 126
175 -111 103 286 125
175 -45 142 286 88
175 -69 140 286 96
175 -45 145 286 88
176 -12 12 286 123
176 -4 15 286 138
176 -2 26 286 172
176 -98 114 286 81
176 -126 93 286 124
176 -121 128 286 113
176 -86 128 286 112
176 -66 128 286 113
176 -63 128 286 113
176 -60 128 286 113
177 5 12 286 170
177 6 12 286 170
177 7 10 286 170
177 -125 88 286 87
177 -95 89 286 86
177 -133 85 286 124
177 -76 99 286 95
177 -36 109 286 96
177 -122 91 286 141
177 -122 126 286 93
177 -120 104 286 139
177 -124 109 286 139
177 -121 127 286 116
177 -81 117 286 126
177 -74 116 286 127
177 -64 116 286 127
177 3 139 286 101
178 13 0 286 173
178 -95 76 286 85
178 -92 75 286 85
178 -91 75 286 85
178 -130 87 286 109
178 -127 87 286 105
178 -125 109 286 99
178 -115 115 286 125
178 -109 122 286 119
178 -62 101 286 148
178 -11 138 286 99
178 9 133 286 105
178 27 137 286 102
179 18 1 286 152
179 -28 74 286 103
179 -130 87 286 130
179 -6 114 286 89
179 -55 87 286 159
179 -56 92 286 159
179 10 125 286 116
179 40 136 286 103
180 -26 75 286 128
180 -129 82 286 132
180 -130 88 286 130
180 -51 72 286 161
180 -50 80 286 158
180 -119 119 286 114
180 -111 125 286 117
180 18 117 286 126
180 37 120 286 122
181 37 86 286 77
181 -47 53 286 160
181 -47 52 286 160
181 -43 59 286 157
181 -39 59 286 158
181 -129 88 286 118
181 -119 110 286 115
181 -119 110 286 115
181 -116 118 286 118
181 -116 120 286 118
181 22 107 286 139
181 25 107 286 139
181 27 108 286 139
182 -44 38 286 156
182 -137 80 286 94
182 -127 89 286 122
182 -102 104 286 116
182 -114 106 286 119
182 -107 105 286 116
182 -121 128 286 109
182 28 96 286 155
182 30 96 286 155
182 31 96 286 155
183 -38 17 286 159
183 -126 85 286 124
183 33 87 286 153
183 33 86 286 153
183 14 96 286 141
183 41 99 286 150
184 -29 1 286 164
184 -28 1 286 164
184 -26 1 286 164
184 -129 78 286 84
184 -128 87 286 129
184 37 74 286 156
184 26 87 286 147
185 70 50 286 106
185 -161 54 286 109
185 -164 62 286 105
185 53 58 286 155
185 49 62 286 155
185 51 58 286 155
185 5 85 286 106
185 46 63 286 155
185 46 62 286 155
185 -128 88 286 118
185 23 73 286 145
185 -114 94 286 122
185 -119 129 286 106
186 53 50 286 156
186 55 50 286 156
186 57 50 286 156
186 5 72 286 106
186 -132 82 286 106
186 49 64 286 148
186 -119 107 286 122
186 -121 112 286 128
187 61 39 286 152
187 58 41 286 152
187 42 53 286 140
187 -129 88 286 126
188 64 29 286 153
188 -133 84 286 118
188 -133 86 286 118
188 -125 104 286 107
188 -118 116 286 115
188 -117 124 286 117
189 72 14 286 156
189 75 17 286 156
189 68 19 286 157
189 68 18 286 157
189 72 31 286 149
189 -125 85 286 125
190 77 5 286 160
190 74 8 286 159
190 -130 88 286 117
191 78 0 286 157
191 42 16 286 103
191 -121 112 286 104
191 -112 115 286 116
192 62 0 286 113
192 -136 80 286 79
192 -129 88 286 102
192 -124 89 286 98
192 -111 114 286 109
193 -130 89 286 125
194 -124 86 286 132
194 -115 111 286 94
194 -125 104 286 125
194 -124 110 286 124
195 -128 88 286 104
195 -116 118 286 102
196 -130 88 286 118
196 -119 112 286 107
197 -130 86 286 121
198 -125 84 286 124
199 -129 87 286 119
200 -130 87 286 130
200 -99 109 286 128
200 -117 122 286 122
201 -133 82 286 119
202 -134 78 286 98
202 -128 94 286 113
202 -123 108 286 112
203 -162 55 286 107
203 -164 62 286 104
203 -121 81 286 88
203 -133 87 286 119
203 -110 109 286 117
203 -105 108 286 118
204 -126 90 286 130
205 -134 88 286 116
205 -131 103 286 107
206 -131 85 286 106
206 -123 94 286 102
207 -128 85 286 111
207 -108 105 286 113
207 8 138 286 96
207 -28 141 286 97
207 -6 141 286 98
207 0 143 286 95
207 7 140 286 96
208 -26 106 286 94
208 -22 106 286 93
208 -23 113 286 92
208 -123 90 286 140
208 -122 113 286 101
208 -31 124 286 104
208 -30 133 286 105
208 -13 135 286 102
208 15 139 286 98
209 -133 88 286 126
209 -21 106 286 91
209 -107 116 286 116
209 -115 126 286 115
209 -24 126 286 113
209 -14 125 286 115
210 -129 87 286 119
210 20 101 286 103
210 -124 106 286 101
210 23 113 286 123
210 -21 117 286 127
210 -14 116 286 127
210 0 118 286 124
210 8 119 286 123
210 19 120 286 123
211 20 86 286 109
211 -132 85 286 113
211 -129 93 286 102
211 -4 108 286 139
212 -128 87 286 117
212 -122 112 286 102
212 -118 112 286 122
212 -117 121 286 122
212 0 98 286 151
213 -132 86 286 120
213 -2 80 286 151
213 -121 113 286 111
213 -112 125 286 101
214 -130 87 286 129
214 0 69 286 155
214 -121 112 286 129
214 -121 113 286 129
215 -133 77 286 85
215 2 51 286 156
215 2 52 286 156
215 1 56 286 157
215 -133 84 286 126
215 -133 88 286 126
215 -123 118 286 126
216 4 37 286 155
216 -131 83 286 118
216 -117 109 286 114
216 -119 111 286 114
217 8 25 286 151
217 4 34 286 148
217 -130 88 286 116
217 -75 145 286 92
218 13 11 286 151
218 -131 87 286 129
218 -127 88 286 135
218 -69 115 286 92
218 -116 110 286 119
218 -74 132 286 106
218 -33 140 286 96
219 19 0 286 155
219 43 15 286 119
219 -129 81 286 110
219 -128 86 286 111
219 -122 94 286 104
219 -68 96 286 105
219 -24 123 286 76
219 -122 117 286 104
219 -65 108 286 127
219 -121 123 286 106
219 -43 132 286 107
219 -22 142 286 94
220 -50 68 286 112
220 -56 82 286 112
220 -134 89 286 123
220 -61 90 286 115
220 -56 88 286 114
220 -132 90 286 123
220 -130 90 286 123
220 -122 114 286 102
220 -122 124 286 111
220 -59 114 286 130
220 -52 114 286 131
221 -45 60 286 129
221 -51 69 286 124
221 -122 91 286 130
221 -118 104 286 128
221 -116 135 286 92
221 -121 142 286 95
221 -55 104 286 142
221 -47 105 286 142
221 -40 106 286 141
222 -124 82 286 88
222 -48 63 286 136
222 -48 65 286 136
222 -19 85 286 97
222 -124 90 286 134
222 -125 122 286 107
222 -122 129 286 113
222 -30 89 286 164
223 -23 49 286 85
223 -130 89 286 100
223 -124 96 286 109
223 -124 99 286 109
223 -26 65 286 170
223 -124 102 286 109
223 -25 66 286 170
223 -109 113 286 119
223 -27 71 286 172
223 -113 123 286 116
224 -23 51 286 167
224 -23 50 286 167
224 -5 63 286 137
224 -25 51 286 167
224 -5 68 286 138
224 -130 86 286 131
224 -130 90 286 131
224 -110 117 286 120
225 -37 20 286 141
225 -23 35 286 167
225 -136 80 286 97
225 -8 55 286 145
225 -130 87 286 116
225 -118 94 286 108
225 -117 113 286 133
226 -21 22 286 169
226 -8 40 286 147
226 -106 106 286 128
226 -121 97 286 142
227 -10 5 286 172
227 -10 4 286 172
227 -12 5 286 172
227 -15 9 286 172
227 -2 32 286 146
227 -132 83 286 106
228 -9 0 286 172
228 -6 17 286 148
228 -130 87 286 131
228 -122 93 286 129
228 -111 104 286 121
228 -122 102 286 129
229 0 0 286 149
229 -3 3 286 149
229 -111 104 286 98
229 -130 87 286 130
229 -120 103 286 104
229 -110 111 286 102
229 -117 114 286 109
230 -140 81 286 107
230 -127 83 286 129
230 -114 109 286 113
231 -143 84 286 124
231 -138 87 286 131
231 -130 90 286 122
231 -113 108 286 116
232 -128 82 286 119
232 -122 102 286 110
232 -120 107 286 113
233 -131 87 286 117
233 10 130 286 77
233 -104 103 286 119
233 -1 141 286 94
233 9 142 286 94
234 -132 88 286 126
234 16 116 286 86
234 -118 110 286 116
234 2 131 286 109
235 17 105 286 82
235 -126 88 286 134
235 -131 88 286 136
235 -128 88 286 134
235 -116 109 286 110
235 -121 112 286 112
235 -118 127 286 113
235 -11 127 286 113
235 -1 127 286 113
235 7 126 286 114
235 15 127 286 113
236 12 94 286 77
236 -131 87 286 106
236 -128 88 286 103
236 -114 107 286 112
236 -111 111 286 109
236 -120 118 286 112
236 -4 117 286 126
236 20 104 286 145
237 -136 84 286 114
237 -132 87 286 120
237 -110 104 286 109
237 -113 116 286 119
237 20 95 286 150
237 -124 118 286 125
237 15 99 286 149
237 19 97 286 150
238 -125 84 286 115
238 23 80 286 150
238 -111 112 286 117
239 24 71 286 151
239 24 70 286 151
239 -109 120 286 106
239 -117 120 286 115
240 -132 80 286 93
240 -130 83 286 101
240 31 59 286 152
240 -125 101 286 100
240 -120 103 286 109
240 -120 119 286 113
240 -122 130 286 109
241 38 49 286 151
241 -129 83 286 118
241 -118 115 286 107
241 -115 119 286 102
242 49 30 286 145
242 43 39 286 149
242 -129 89 286 125
242 -119 123 286 120
242 -113 125 286 115
243 51 26 286 150
243 51 24 286 150
243 49 27 286 150
243 -129 86 286 121
243 -128 87 286 127
243 -122 112 286 113
244 54 15 286 153
244 -130 86 286 129
244 -122 103 286 127
244 -121 107 286 128
245 60 0 286 152
245 55 5 286 153
245 57 46 286 111
245 -131 86 286 123
245 -126 94 286 129
245 -126 101 286 129
245 -122 135 286 104
246 56 -1 286 150
246 53 27 286 113
246 65 27 286 119
246 -164 55 286 106
246 -166 63 286 102
246 -120 111 286 130
247 72 1 286 123
247 74 0 286 123
247 75 5 286 123
247 78 5 286 123
247 70 15 286 121
247 -125 98 286 116
247 -114 116 286 121
248 72 -1 286 118
248 72 3 286 117
248 -132 89 286 104
248 -122 99 286 104
248 -113 122 286 116
248 -118 126 286 115
249 -129 79 286 96
249 -128 85 286 120
249 -123 102 286 109
250 -162 54 286 107
250 -164 62 286 104
250 -132 86 286 105
250 -116 117 286 112
251 -129 81 286 91
251 -123 97 286 127
251 -123 95 286 127
252 -128 89 286 134
252 -117 108 286 116
252 -122 113 286 120
253 -126 80 286 98
253 -126 86 286 106
253 -131 88 286 114
253 -113 110 286 116
254 -128 90 286 111
254 -122 101 286 111
254 -119 103 286 108
255 -130 85 286 125
255 -111 113 286 118
256 -130 85 286 117
257 -138 80 286 95
257 -137 82 286 120
257 -133 87 286 119
257 -136 86 286 122
257 -121 92 286 130
257 -122 111 286 110
257 -121 102 286 130
257 -39 145 286 92
257 -20 140 286 96
257 -17 140 286 96
257 -11 140 286 96
257 -7 140 286 96
257 -3 141 286 96
258 -122 96 286 128
258 -102 103 286 124
258 -121 106 286 144
258 -115 121 286 117
258 -15 123 286 118
259 -139 84 286 101
259 -124 89 286 126
259 -122 106 286 113
259 -17 122 286 120
259 -1 122 286 120
260 -134 80 286 121
260 -133 84 286 124
260 -129 88 286 124
260 -116 104 286 122
260 -33 118 286 125
260 -8 106 286 142
261 -2 84 286 97
261 -128 87 286 138
261 -9 97 286 148
261 -10 101 286 148
261 -10 99 286 148
262 0 74 286 90
262 -130 87 286 130
262 -119 107 286 115
262 -6 87 286 150
262 -6 86 286 150
262 -115 125 286 118
263 -132 86 286 132
263 -3 78 286 152
263 -130 90 286 138
263 -113 115 286 113
263 -1 92 286 143
263 -115 128 286 108
264 -2 67 286 150
264 -127 89 286 114
264 -1 85 286 139
264 -119 121 286 122
265 -133 82 286 93
265 0 57 286 150
265 -130 87 286 118
265 -116 108 286 91
265 -121 103 286 135
265 -115 124 286 117
265 -106 123 286 118
266 4 50 286 150
266 5 50 286 150
266 9 65 286 139
266 -131 90 286 122
266 -123 103 286 120
266 -117 113 286 119
267 6 39 286 153
267 6 39 286 153
267 7 52 286 144
267 -129 89 286 125
267 -114 122 286 113
267 -114 124 286 113
268 15 13 286 115
268 5 31 286 154
268 -130 87 286 130
268 -123 101 286 125
268 -115 105 286 120
268 -124 110 286 124
269 19 2 286 122
269 7 20 286 154
269 -134 86 286 131
269 -111 111 286 115
270 30 5 286 120
270 5 9 286 152
270 19 23 286 134
270 -119 94 286 107
270 -128 88 286 127
271 6 0 286 155
271 -135 82 286 91
271 -130 87 286 109
271 -128 90 286 100
271 -99 100 286 128
272 12 0 286 138
272 -133 87 286 131
272 -132 87 286 131
272 -130 87 286 131
272 -115 101 286 121
273 -130 86 286 107
273 -124 86 286 119
273 -114 108 286 113
273 -115 119 286 118
273 1 125 286 115
274 -132 87 286 127
274 -105 114 286 125
274 12 114 286 131
275 -124 87 286 120
275 -112 109 286 116
275 -109 111 286 116
275 -115 114 286 119
275 16 107 286 129
275 16 106 286 129
275 -7 119 286 123
275 -3 119 286 123
276 -121 91 286 129
276 10 102 286 125
276 -11 112 286 133
276 21 116 286 130
277 -130 86 286 116
277 15 85 286 125
277 17 90 286 125
277 -105 108 286 111
277 23 104 286 127
277 -115 113 286 119
277 -69 141 286 92
277 -74 146 286 91
277 0 99 286 152
277 22 112 286 133
278 23 67 286 123
278 6 70 286 123
278 23 73 286 124
278 -131 89 286 123
278 -126 110 286 123
278 -1 88 286 159
278 -125 118 286 125
278 -59 146 286 89
278 2 90 286 161
279 24 51 286 125
279 8 59 286 123
279 23 60 286 128
279 -129 87 286 119
279 1 75 286 163
279 0 76 286 163
279 0 75 286 163
279 -125 118 286 107
279 -124 131 286 109
279 -119 132 286 108
279 -72 140 286 96
279 -66 141 286 94
279 -41 148 286 88
280 27 42 286 130
280 -129 87 286 119
280 1 64 286 164
280 -123 102 286 110
280 -3 71 286 162
280 -126 115 286 123
280 -56 134 286 104
280 -28 139 286 97
281 28 32 286 128
281 5 54 286 164
281 0 60 286 162
281 -49 111 286 87
281 -128 90 286 133
281 -65 112 286 95
281 -125 114 286 131
281 -61 123 286 119
281 -52 122 286 119
282 33 22 286 127
282 9 41 286 162
282 9 40 286 162
282 7 42 286 162
282 7 41 286 162
282 3 49 286 161
282 -133 82 286 117
282 -59 98 286 98
282 -130 85 286 125
282 -125 93 286 125
282 -117 117 286 127
282 -40 113 286 132
283 26 3 286 120
283 40 6 286 122
283 40 6 286 122
283 16 27 286 159
283 -43 90 286 87
283 -128 85 286 103
283 -124 109 286 132
283 -52 109 286 136
283 -40 108 286 138
283 -38 108 286 138
283 -35 108 286 138
284 19 16 286 161
284 21 16 286 161
284 22 16 286 161
284 -56 74 286 97
284 -128 87 286 128
284 -108 119 286 115
284 -116 126 286 116
284 -37 99 286 151
284 -17 107 286 139
285 22 1 286 166
285 24 1 286 166
285 25 1 286 166
285 32 23 286 140
285 -23 74 286 91
285 -126 93 286 124
285 -121 91 286 123
285 -115 112 286 110
285 -123 104 286 127
285 -36 87 286 167
285 -33 87 286 166
286 26 0 286 161
286 27 0 286 161
286 -128 86 286 121
286 -35 76 286 163
286 -122 119 286 111
286 -107 119 286 118
287 41 0 286 140
287 -134 82 286 90
287 -128 87 286 119
287 -36 64 286 165
287 -116 121 286 114
287 -61 129 286 104
287 -93 132 286 108
288 38 0 286 114
288 -33 53 286 166
288 -33 53 286 166
288 -130 89 286 116
288 -124 112 286 109
288 -120 120 286 109
288 -117 123 286 109
288 -117 128 286 109
288 -83 126 286 114
288 -60 123 286 118
289 -29 41 286 164
289 -8 49 286 137
289 -32 44 286 165
289 -107 106 286 91
289 -132 88 286 128
289 -123 108 286 134
289 -123 111 286 134
289 -63 112 286 133
289 19 133 286 105
289 41 136 286 103
290 -26 30 286 164
290 -47 94 286 93
290 -131 86 286 120
290 -122 89 286 135
290 -126 106 286 131
290 -126 108 286 131
290 -125 113 286 131
290 -60 102 286 146
290 16 120 286 122
291 -22 21 286 162
291 -34 84 286 100
291 -120 89 286 137
291 -121 109 286 127
291 -51 85 286 170
291 13 110 286 136
291 15 110 286 136
291 17 110 286 136
292 -12 7 286 161
292 -2 19 286 143
292 -39 66 286 98
292 -136 80 286 112
292 -136 83 286 128
292 -132 87 286 134
292 -129 91 286 131
292 -49 75 286 176
292 23 95 286 157
293 -5 0 286 164
293 -7 0 286 164
293 -28 57 286 106
293 -128 85 286 120
293 -128 90 286 122
293 -44 62 286 177
293 -44 61 286 177
293 -47 63 286 177
293 -47 62 286 177
293 -124 104 286 117
293 -119 106 286 113
293 28 83 286 166
294 16 54 286 96
294 -37 50 286 178
294 -37 50 286 178
294 -130 86 286 117
294 -37 50 286 178
294 -125 88 286 126
294 -23 79 286 145
294 34 74 286 163
294 -122 96 286 136
294 34 75 286 163
294 34 82 286 162
295 -21 32 286 105
295 6 51 286 109
295 -28 41 286 176
295 -28 41 286 176
295 -132 81 286 110
295 -31 44 286 176
295 48 56 286 161
295 43 61 286 163
295 46 61 286 164
295 -126 89 286 123
295 42 64 286 164
295 -131 89 286 135
295 -105 107 286 123
295 -118 119 286 125
295 -31 133 286 105
295 -22 132 286 107
296 -17 31 286 173
296 -17 31 286 173
296 -19 33 286 173
296 -19 31 286 173
296 51 50 286 168
296 -132 88 286 127
296 -116 116 286 118
296 -39 122 286 120
296 -36 122 286 120
296 -33 122 286 120
297 -17 6 286 127
297 -6 22 286 176
297 -9 23 286 176
297 55 41 286 172
297 53 49 286 169
297 -129 84 286 125
297 -8 107 286 104
297 -106 110 286 110
297 -106 111 286 110
297 -120 118 286 113
297 -122 129 286 112
297 -119 133 286 106
297 -16 116 286 128
298 -1 14 286 179
298 59 24 286 172
298 59 26 286 172
298 0 35 286 153
298 62 29 286 171
298 -132 80 286 80
298 -130 87 286 109
298 -127 105 286 105
298 -118 106 286 105
298 -121 112 286 128
298 -17 103 286 146
299 9 2 286 181
299 64 13 286 169
299 63 14 286 169
299 64 13 286 169
299 37 20 286 137
299 15 26 286 153
299 -3 81 286 106
299 -122 92 286 105
299 -126 94 286 130
299 -119 126 286 114
299 -2 92 286 161
299 -1 92 286 161
299 0 92 286 161
300 14 0 286 173
300 68 0 286 168
300 -130 73 286 98
300 -130 87 286 138
300 -105 111 286 120
300 -118 120 286 123
300 -106 120 286 121
300 0 81 286 175
301 22 0 286 152
301 73 0 286 147
301 80 7 286 144
301 -135 87 286 131
301 -131 90 286 131
301 -125 98 286 131
301 2 71 286 178
301 2 72 286 178
301 3 72 286 178
301 -122 110 286 135
301 3 76 286 178
302 -123 85 286 80
302 -132 81 286 133
302 5 58 286 178
302 5 59 286 178
302 -132 87 286 141
302 4 61 286 178
303 14 31 286 112
303 11 46 286 180
303 9 46 286 180
303 10 46 286 180
303 13 46 286 180
303 15 48 286 180
303 9 51 286 180
303 -128 87 286 127
303 -126 88 286 124
304 17 33 286 179
304 21 35 286 179
304 16 36 286 180
304 21 38 286 180
304 16 41 286 179
304 -125 85 286 133
304 -129 105 286 109
304 -104 103 286 120
304 -120 113 286 115
304 -9 129 286 107
304 -38 120 286 122
305 22 24 108 3
305 23 24 108 1
305 25 22 108 1
305 -132 84 159 1
305 -127 92 149 1
305 -36 107 162 1
305 5 121 167 1
305 -56 122 166 1
305 -21 122 167 1
305 -9 124 169 1
305 -4 124 169 1
305 5 123 167 1
305 4 122 167 1
306 31 5 286 173
306 27 12 286 177
306 33 11 286 176
306 -24 85 286 125
306 -28 91 286 125
306 -2 101 286 115
306 -125 89 286 133
306 -108 106 286 128
306 -105 105 286 127
306 -49 117 286 126
306 -40 118 286 125
306 7 111 286 136
307 36 0 286 178
307 32 1 286 179
307 36 2 286 179
307 -18 74 286 122
307 -27 79 286 127
307 2 93 286 115
307 -121 112 286 103
307 6 101 286 120
307 -122 92 286 136
307 -112 114 286 129
307 -112 115 286 129
307 -44 107 286 139
307 -35 107 286 140
308 36 0 286 163
308 -3 67 286 111
308 -125 86 286 78
308 -22 68 286 126
308 -22 67 286 126
308 6 79 286 115
308 -130 89 286 123
308 -119 117 286 114
308 -118 128 286 112
308 -21 96 286 155
309 37 0 286 141
309 0 54 286 114
309 -21 56 286 127
309 13 65 286 113
309 12 70 286 113
309 12 67 286 113
309 -126 87 286 115
309 -32 82 286 146
309 -116 110 286 126
309 -113 116 286 120
309 -12 80 286 171
309 -117 120 286 124
309 -71 140 286 97
309 -12 82 286 171
309 -12 81 286 171
310 3 42 286 118
310 -18 46 286 124
310 -17 45 286 124
310 -130 87 286 107
310 -72 128 286 79
310 -104 109 286 120
310 -120 111 286 136
310 -77 139 286 98
310 -61 142 286 94
310 -12 79 286 175
310 -11 79 286 175
310 -10 79 286 175
311 20 38 286 109
311 -13 35 286 125
311 -23 44 286 120
311 -126 85 286 84
311 -128 83 286 121
311 -125 98 286 107
311 -5 59 286 173
311 -5 58 286 173
311 -104 107 286 121
311 -112 110 286 129
311 -112 113 286 129
311 -77 128 286 111
311 -67 128 286 112
311 -64 128 286 112
311 -61 127 286 112
312 -3 22 286 130
312 8 22 286 126
312 -4 22 286 130
312 0 48 286 174
312 0 48 286 174
312 -129 88 286 126
312 -124 109 286 133
312 -124 111 286 133
312 -73 112 286 133
312 -57 113 286 131
312 -54 113 286 131
313 16 11 286 129
313 38 19 286 110
313 4 38 286 178
313 7 35 286 179
313 0 41 286 179
313 3 38 286 178
313 -128 87 286 128
313 -122 102 286 141
313 -37 110 286 125
313 -65 97 286 156
314 14 0 286 134
314 16 0 286 134
314 19 0 286 134
314 37 7 286 118
314 14 21 286 178
314 11 23 286 178
314 11 22 286 178
314 8 24 286 178
314 4 28 286 177
314 -124 86 286 137
314 -124 90 286 140
314 -68 79 286 177
314 -66 80 286 177
314 -63 80 286 177
314 -62 80 286 177
315 20 11 286 176
315 16 14 286 175
315 21 51 286 114
315 -132 85 286 105
315 -56 66 286 177
315 -123 95 286 140
315 -51 69 286 175
315 -124 99 286 139
315 -56 73 286 175
316 27 0 286 173
316 27 1 286 173
316 24 3 286 173
316 -53 52 286 173
316 -49 52 286 172
316 -126 84 286 115
316 -114 105 286 121
316 -102 104 286 127
316 -121 102 286 144
316 -3 135 286 104
316 5 134 286 105
317 30 -2 286 170
317 37 22 286 117
317 -44 36 286 173
317 -44 37 286 173
317 -44 36 286 173
317 -120 87 286 137
317 -114 112 286 114
317 -114 109 286 114
317 -117 117 286 120
317 2 122 286 120
317 9 122 286 121
318 48 1 286 128
318 -39 20 286 176
318 -136 84 286 114
318 -124 95 286 101
318 -124 90 286 146
318 5 114 286 130
319 56 0 286 122
319 -35 4 286 177
319 3 95 286 90
319 -134 85 286 125
319 -129 85 286 124
319 -120 98 286 125
319 -123 108 286 120
319 -113 114 286 112
319 0 108 286 138
319 1 108 286 138
319 3 108 286 138
320 -32 1 286 155
320 -19 27 286 118
320 -137 82 286 133
320 -132 87 286 105
320 -126 83 286 147
320 -111 109 286 122
320 -82 147 286 88
320 -64 149 286 86
320 19 94 286 158
321 -18 1 286 124
321 -125 84 286 116
321 -85 128 286 80
321 -4 92 286 129
321 -36 138 286 94
321 -124 109 286 139
321 -117 132 286 106
321 -115 132 286 106
321 -86 143 286 91
321 -51 133 286 106
321 21 86 286 168
321 22 86 286 168
321 28 85 286 169
322 0 67 286 108
322 -63 110 286 87
322 -129 90 286 131
322 -123 108 286 119
322 23 80 286 170
322 -122 129 286 112
322 -59 123 286 118
322 -55 123 286 118
322 -49 123 286 118
322 -47 123 286 118
322 -37 125 286 116
322 24 82 286 170
322 28 83 286 171
323 38 56 286 162
323 -136 84 286 116
323 30 65 286 173
323 -125 111 286 116
323 25 70 286 174
323 -119 111 286 125
323 -63 113 286 132
323 -61 113 286 132
323 -55 113 286 132
323 -53 113 286 132
324 -78 83 286 87
324 -130 84 286 122
324 39 53 286 174
324 39 58 286 174
324 -119 115 286 130
324 -61 99 286 151
324 -35 117 286 127
325 42 32 286 134
325 54 39 286 171
325 -136 80 286 79
325 47 46 286 174
325 -131 85 286 123
325 47 51 286 173
325 -126 90 286 131
325 -126 93 286 131
325 -126 111 286 123
325 -59 87 286 166
326 50 21 286 134
326 57 37 286 173
326 -136 81 286 92
326 -27 74 286 109
326 -130 91 286 130
326 -125 94 286 125
326 -54 74 286 165
326 -57 79 286 166
326 -122 111 286 135
327 64 32 286 173
327 -52 65 286 161
327 -118 90 286 140
327 -123 104 286 140
328 84 16 286 169
328 -40 34 286 120
328 82 22 286 170
328 -19 44 286 109
328 78 24 286 171
328 -159 56 286 100
328 70 46 286 129
328 -158 62 286 105
328 -43 49 286 163
328 -125 94 286 138
328 -122 107 286 141
329 88 13 286 175
329 -14 32 286 113
329 84 16 286 176
329 -41 36 286 166
329 -124 90 286 110
329 -120 130 286 104
329 -118 129 286 104
329 -116 129 286 104
329 -121 133 286 104
329 -19 144 286 94
329 -8 145 286 89
329 26 138 286 102
330 93 3 286 171
330 90 6 286 176
330 -36 22 286 166
330 -38 23 286 166
330 -13 49 286 121
330 -138 81 286 91
330 -134 84 286 101
330 -124 104 286 108
330 16 122 286 89
330 34 133 286 101
330 0 122 286 120
330 34 135 286 101
331 -31 2 286 157
331 90 3 286 152
331 -30 9 286 164
331 -30 9 286 164
331 -18 45 286 111
331 15 110 286 89
331 -130 89 286 125
331 28 112 286 96
331 11 115 286 129
331 30 123 286 119
332 -26 -1 286 161
332 89 0 286 128
332 -126 85 286 123
332 13 107 286 126
332 -121 117 286 112
332 -1 117 286 126
332 7 116 286 127
332 9 116 286 127
332 12 116 286 127
333 -14 1 286 127
333 -9 2 286 127
333 20 80 286 122
333 -127 85 286 113
333 25 84 286 122
333 20 91 286 122
333 -120 106 286 114
333 -124 114 286 108
333 -1 111 286 133
333 0 111 286 133
333 3 111 286 133
334 -6 0 286 118
334 24 70 286 119
334 22 90 286 122
334 -128 86 286 133
334 -118 105 286 115
334 -6 106 286 140
334 -2 106 286 140
334 9 105 286 143
335 30 58 286 119
335 30 64 286 121
335 -130 83 286 129
335 -115 109 286 101
335 -128 89 286 134
335 -116 116 286 109
335 -117 131 286 108
335 7 92 286 161
336 35 47 286 120
336 -129 89 286 135
336 -124 89 286 133
336 9 86 286 168
336 15 86 286 167
337 36 35 286 121
337 -131 85 286 114
337 -123 94 286 102
337 9 71 286 161
337 0 82 286 154
337 17 74 286 168
337 17 82 286 168
337 16 84 286 168
338 40 24 286 123
338 44 31 286 124
338 44 32 286 124
338 34 47 286 121
338 -131 86 286 122
338 22 62 286 168
338 -130 89 286 125
338 -127 89 286 122
338 7 70 286 159
338 22 63 286 168
338 28 64 286 165
338 -114 118 286 126
338 -107 118 286 125
339 41 21 286 123
339 23 51 286 169
339 22 59 286 168
339 -130 89 286 125
339 -113 107 286 103
339 -125 110 286 115
339 -107 115 286 107
339 -127 118 286 113
339 -116 127 286 113
340 43 6 286 121
340 46 10 286 121
340 25 40 286 168
340 -133 82 286 118
340 -118 110 286 139
341 52 0 286 119
341 48 3 286 118
341 29 30 286 168
341 29 29 286 168
341 28 30 286 168
341 31 37 286 166
341 -128 83 286 125
341 -129 88 286 126
341 -121 104 286 111
341 -122 103 286 128
341 8 135 286 103
342 32 20 286 171
342 -129 91 286 111
342 -112 107 286 115
342 -122 113 286 120
342 12 120 286 115
342 -24 135 286 104
343 35 10 286 171
343 40 9 286 170
343 -123 91 286 127
343 14 107 286 104
343 -109 109 286 122
343 -109 109 286 122
343 -1 122 286 119
343 8 122 286 118
344 43 0 286 171
344 -123 92 286 134
344 -111 109 286 110
344 -116 111 286 126
344 -3 113 286 132
345 48 -1 286 166
345 -131 84 286 115
345 -128 93 286 103
345 -124 93 286 103
345 -120 123 286 120
345 -107 119 286 124
345 6 97 286 154
346 32 74 286 106
346 -133 86 286 123
346 -106 107 286 120
346 14 89 286 159
346 -113 124 286 115
346 14 90 286 159
347 32 56 286 108
347 31 64 286 112
347 -131 81 286 107
347 -116 105 286 125
347 18 78 286 161
347 18 77 286 161
347 14 78 286 161
347 -118 120 286 122
347 -116 125 286 116
348 -129 75 286 91
348 -124 80 286 88
348 26 64 286 161
348 -123 91 286 128
348 15 69 286 160
348 18 68 286 160
348 -124 98 286 126
348 -120 118 286 112
349 29 54 286 159
349 35 53 286 158
349 -128 79 286 125
349 32 59 286 158
349 -131 86 286 122
349 -124 110 286 116
349 -41 147 286 87
349 -4 135 286 105
350 47 20 286 105
350 50 28 286 106
350 36 42 286 157
350 37 50 286 154
350 -129 86 286 126
350 -122 124 286 110
350 -35 130 286 112
350 8 123 286 118
351 57 8 286 109
351 41 30 286 157
351 43 30 286 157
351 45 32 286 157
351 48 47 286 148
351 -132 81 286 95
351 -130 87 286 132
351 -124 95 286 132
351 12 117 286 120
351 12 116 286 120
351 -6 121 286 121
351 -3 121 286 121
351 0 121 286 121
352 52 17 286 160
352 49 20 286 160
352 50 20 286 160
352 52 17 286 160
352 -134 84 286 123
352 -31 96 286 102
352 -128 88 286 124
352 -26 102 286 104
352 -36 106 286 105
352 17 105 286 115
352 -119 105 286 124
352 19 111 286 115
352 -123 112 286 134
352 0 115 286 129
352 8 116 286 128
352 18 117 286 128
353 60 5 286 161
353 59 8 286 161
353 59 7 286 161
353 56 11 286 161
353 58 8 286 161
353 -131 86 286 122
353 -31 97 286 102
353 -114 110 286 110
353 -113 120 286 114
353 7 107 286 139
353 15 108 286 138
354 68 0 286 160
354 65 2 286 160
354 65 0 286 160
354 -31 78 286 95
354 37 87 286 106
354 -129 87 286 118
354 -121 120 286 104
354 17 95 286 157
355 72 0 286 155
355 26 64 286 104
355 38 68 286 105
355 -127 86 286 122
355 -118 110 286 108
355 25 82 286 160
355 22 85 286 160
355 23 84 286 160
355 25 83 286 160
355 22 86 286 160
355 25 86 286 160
355 22 89 286 160
355 25 89 286 160
356 82 0 286 138
356 15 47 286 119
356 40 49 286 108
356 15 55 286 124
356 -17 68 286 112
356 -137 81 286 111
356 -131 87 286 122
356 23 72 286 161
356 23 75 286 161
356 21 75 286 161
356 -118 127 286 113
357 41 38 286 111
357 -138 84 286 124
357 27 59 286 162
357 -133 87 286 132
357 -109 124 286 117
358 44 24 286 109
358 28 47 286 161
358 -124 86 286 120
358 -124 97 286 125
358 -105 107 286 118
358 -122 103 286 128
359 32 32 286 158
359 34 32 286 158
359 36 32 286 158
359 31 37 286 159
359 -141 82 286 91
359 -132 84 286 119
359 -115 107 286 120
359 -119 117 286 114
360 38 14 286 159
360 37 15 286 159
360 35 17 286 159
360 35 17 286 159
360 14 44 286 118
360 -128 87 286 119
360 -117 108 286 125
360 -112 110 286 121
361 41 1 286 163
361 38 4 286 163
361 39 1 286 163
361 38 4 286 163
361 45 17 286 150
361 -128 84 286 82
361 -126 89 286 88
361 -128 94 286 113
361 -111 107 286 113
361 31 135 286 81
361 0 124 286 102
361 -24 139 286 100
361 -15 142 286 96
362 44 -1 286 162
362 45 2 286 160
362 -128 85 286 111
362 -118 102 286 107
362 -105 118 286 120
362 -111 123 286 118
362 -106 121 286 120
363 15 -1 286 120
363 14 3 286 116
363 -131 77 286 87
363 -126 82 286 85
363 -127 86 286 122
363 2 93 286 106
363 39 113 286 81
363 7 93 286 137
363 -123 107 286 112
363 5 106 286 141
363 27 113 286 132
364 -126 90 286 131
364 11 94 286 158
365 -129 87 168 1
365 -128 90 164 1
365 -113 114 179 1
365 -118 110 162 1
365 13 88 121 1
366 31 60 286 90
366 -131 86 286 123
366 19 70 286 165
366 -118 110 286 115
366 -119 119 286 115
366 19 84 286 161
367 28 47 286 151
367 25 60 286 159
367 5 68 286 148
367 27 69 286 157
367 -126 88 286 137
367 -113 122 286 120
368 24 28 286 119
368 34 42 286 161
368 34 42 286 161
368 14 56 286 144
368 -129 90 286 132
368 -124 93 286 132
368 -106 109 286 113
368 -125 110 286 124
369 40 24 127 1
369 39 30 125 2
369 40 50 139 1
369 -131 86 164 1
369 -104 108 166 1
370 42 13 286 165
370 43 18 286 167
370 19 26 286 147
370 44 40 286 149
370 -127 84 286 113
370 -124 105 286 125
370 -114 107 286 119
370 -104 110 286 118
370 -123 110 286 126
371 48 4 286 168
371 45 6 286 168
371 46 4 286 168
371 27 17 286 150
371 26 16 286 150
371 49 25 286 149
371 -129 86 286 119
371 -116 114 286 119
372 48 0 286 162
372 54 12 286 148
372 -125 90 286 131
372 -108 102 286 125
373 -131 80 286 135
373 -133 86 286 133
373 -123 92 286 127
373 -115 116 286 105
374 -135 86 286 121
374 -128 89 286 122
375 -130 87 286 115
375 -110 104 286 125
376 -130 86 286 130
376 -129 87 286 130
376 -121 106 286 130
376 -118 115 286 130
376 -115 126 286 114
376 -7 142 286 95
376 5 141 286 96
377 -128 83 286 120
377 -117 108 286 109
377 -111 123 286 118
377 -108 125 286 114
377 -20 140 286 96
377 5 133 286 104
377 27 141 286 97
378 -131 86 286 131
378 -78 117 286 86
378 -78 116 286 86
378 -121 112 286 118
378 -76 123 286 120
378 -43 126 286 115
378 -4 113 286 131
378 -2 113 286 131
378 0 113 286 131
379 -129 75 286 91
379 11 89 286 89
379 -125 91 286 138
379 -4 103 286 133
379 -121 121 286 121
379 -72 110 286 135
379 -65 110 286 136
379 -57 110 286 135
379 -47 111 286 134
379 14 102 286 148
380 -126 94 286 100
380 -24 87 286 123
380 -117 115 286 117
380 -116 124 286 118
380 -46 93 286 159
380 25 90 286 162
381 29 65 286 96
381 -124 82 286 88
381 -11 78 286 116
381 -130 94 286 132
381 -43 80 286 166
381 30 80 286 166
381 -120 121 286 121
381 -45 86 286 167
382 -40 51 286 102
382 -119 93 286 132
382 -39 68 286 171
382 -39 66 286 171
382 -40 68 286 171
382 31 73 286 166
382 33 73 286 166
382 34 74 286 166
382 35 74 286 166
382 -123 109 286 127
382 -117 127 286 115
383 47 53 286 160
383 -34 48 286 169
383 -133 87 286 105
383 42 61 286 163
383 44 59 286 163
383 46 59 286 163
383 39 61 286 163
383 39 62 286 163
383 40 64 286 163
383 -125 97 286 124
383 -116 104 286 119
383 -126 106 286 123
384 -20 23 286 130
384 -30 31 286 164
384 44 49 286 162
384 44 48 286 162
384 51 49 286 161
384 -28 62 286 129
384 43 49 286 162
384 -132 88 286 103
384 -128 89 286 113
384 -119 110 286 138
384 -114 125 286 115
385 54 14 286 101
385 -26 14 286 161
385 51 36 286 163
385 51 35 286 163
385 -23 49 286 120
385 50 37 286 163
385 46 45 286 158
385 -131 88 286 115
385 -122 98 286 147
385 -114 123 286 118
386 -25 0 286 165
386 -23 25 286 131
386 58 23 286 165
386 58 22 286 165
386 -132 81 286 119
386 -125 95 286 137
386 -126 93 286 137
386 -111 110 286 116
386 -126 95 286 137
386 -109 110 286 116
386 -107 110 286 116
386 -120 123 286 120
387 -23 1 286 145
387 -17 1 286 144
387 -12 0 286 144
387 -10 0 286 144
387 66 9 286 165
387 -23 14 286 129
387 63 15 286 167
387 69 15 286 166
387 64 15 286 167
387 63 22 286 164
387 -127 86 286 122
387 -113 107 286 122
387 -105 116 286 120
388 74 2 286 165
388 69 5 286 166
388 -131 88 286 114
388 -123 113 286 110
389 77 -1 286 163
389 81 2 286 161
389 -127 84 286 120
389 -118 109 286 131
389 -119 111 286 131
389 -6 133 286 106
390 -131 90 286 123
390 -119 92 286 126
390 -8 120 286 123
391 -129 83 286 116
391 -121 114 286 111
391 5 109 286 137
392 -17 81 286 91
392 -135 88 286 130
392 23 100 286 125
392 -122 116 286 101
392 -122 122 286 101
392 -122 126 286 101
392 2 98 286 151
393 -131 87 286 107
393 -129 93 286 110
393 -123 109 286 117
393 -123 117 286 126
393 8 91 286 161
394 -132 81 286 95
394 27 64 286 129
394 -127 86 286 122
394 -121 100 286 114
394 12 77 286 163
394 16 77 286 162
394 10 82 286 162
394 -118 126 286 117
395 -128 87 286 126
395 20 64 286 165
396 22 52 286 165
396 23 52 286 165
396 25 51 286 165
396 22 54 286 165
396 21 55 286 165
396 -127 92 286 114
396 -47 130 286 85
396 -8 136 286 79
396 -10 139 286 87
396 -8 139 286 87
396 -28 142 286 97
397 25 40 286 162
397 -125 85 286 97
397 -128 86 286 122
397 -119 101 286 106
397 -118 117 286 113
397 -113 127 286 113
397 -29 131 286 108
398 29 23 286 160
398 -119 91 286 97
398 -42 105 286 81
398 -132 88 286 128
398 -116 108 286 121
398 -53 117 286 129
398 -38 116 286 127
398 -30 116 286 128
399 35 5 286 161
399 33 10 286 161
399 -134 80 286 122
399 -135 83 286 122
399 -135 86 286 122
399 -135 86 286 122
399 -120 101 286 129
399 -121 111 286 129
399 -29 104 286 143
399 -7 110 286 136
400 39 -1 286 165
400 52 13 286 142
400 -136 81 286 134
400 -132 83 286 140
400 -118 114 286 104
400 -119 126 286 114
400 -23 89 286 165
401 57 0 286 141
401 -129 87 286 119
401 -114 111 286 105
401 -21 74 286 166
402 -131 84 286 123
402 -19 60 286 165
402 -128 88 286 128
402 -122 106 286 121
402 -118 109 286 116
403 -14 47 286 167
403 -131 87 286 122
403 -108 109 286 113
403 -117 110 286 116
403 -117 111 286 116
404 -9 33 286 170
404 -126 84 286 116
404 -125 109 286 125
404 -123 118 286 126
404 -18 133 286 108
405 -4 16 286 170
405 -131 85 286 106
405 -129 89 286 101
405 -26 127 286 107
405 -121 133 286 106
405 -1 142 286 96
406 -1 1 286 168
406 -1 4 286 167
406 -132 87 286 128
406 -128 91 286 128
406 -119 110 286 124
406 -124 125 286 115
406 -18 127 286 112
406 -15 128 286 112
406 -12 128 286 112
407 3 1 286 149
407 -128 86 286 121
407 -121 111 286 106
407 -31 112 286 133
407 -23 113 286 131
407 -19 113 286 131
407 -16 114 286 131
407 14 131 286 109
408 -32 85 286 104
408 -17 89 286 116
408 -128 87 286 128
408 23 111 286 85
408 -122 88 286 136
408 -30 96 286 131
408 -21 101 286 149
408 1 107 286 141
409 -19 69 286 126
409 -131 87 286 107
409 -125 110 286 106
409 -125 110 286 106
409 -116 125 286 115
409 -77 132 286 109
409 -70 137 286 100
409 -9 90 286 163
410 -128 84 286 101
410 -134 89 286 102
410 -126 96 286 107
410 -126 108 286 106
410 -120 116 286 112
410 -1 80 286 172
410 -63 122 286 119
410 2 83 286 171
411 -125 94 286 132
411 2 66 286 175
411 3 68 286 179
411 -123 120 286 124
411 -65 114 286 130
411 -61 114 286 130
411 -59 114 286 130
411 -38 125 286 115
412 -56 77 286 88
412 -128 86 286 119
412 1 57 286 182
412 5 56 286 181
412 -122 118 286 126
412 -109 119 286 123
412 -61 102 286 148
413 -53 62 286 90
413 -130 80 286 96
413 6 44 286 179
413 6 44 286 179
413 -132 86 286 105
413 -129 92 286 101
413 -11 58 286 158
413 -31 94 286 127
413 -119 106 286 124
413 -119 112 286 123
413 -58 88 286 165
414 9 32 286 178
414 34 43 286 147
414 -130 84 286 116
414 -57 75 286 169
414 -124 105 286 132
414 -59 76 286 169
414 -59 75 286 169
414 -123 112 286 134
414 -59 85 286 168
414 -59 83 286 168
415 12 13 286 175
415 12 18 286 177
415 12 23 286 176
415 -54 57 286 167
415 -55 58 286 167
415 -56 61 286 167
415 -56 60 286 167
415 -122 89 286 129
415 -55 71 286 159
415 -123 97 286 134
415 -98 98 286 131
416 18 4 286 177
416 18 4 286 177
416 13 5 286 177
416 14 5 286 177
416 15 4 286 177
416 -50 40 286 163
416 -52 45 286 160
416 -52 54 286 157
416 -124 93 286 133
416 -111 106 286 116
416 -124 103 286 132
416 -125 111 286 136
417 21 -1 286 179
417 -50 27 286 164
417 -49 26 286 164
417 -133 78 286 102
417 -127 85 286 122
417 -121 112 286 134
418 -43 1 286 144
418 35 0 286 152
418 36 0 286 152
418 40 0 286 152
418 41 0 286 152
418 31 1 286 152
418 32 0 286 152
418 -46 10 286 166
418 -46 9 286 166
418 39 6 286 151
418 -126 86 286 129
419 -43 0 286 169
419 -42 5 286 161
419 -128 85 286 83
419 -128 86 286 121
419 -115 109 286 115
419 -95 148 286 87
419 -93 148 286 87
419 -78 146 286 89
419 -64 145 286 90
419 -55 144 286 91
419 -24 138 286 103
419 -8 140 286 99
420 -29 -2 286 141
420 -130 84 286 116
420 -3 123 286 89
420 -121 117 286 112
420 -8 120 286 110
420 -121 127 286 111
420 -122 128 286 111
420 -84 130 286 109
420 -79 131 286 108
420 -51 138 286 98
420 -33 139 286 99
421 -26 0 286 99
421 -132 87 286 120
421 -121 105 286 120
421 -107 127 286 115
421 -62 118 286 125
421 -8 120 286 122
421 -2 121 286 121
422 -127 86 286 129
422 -123 109 286 118
422 -117 122 286 122
422 -59 104 286 145
422 -16 116 286 128
422 -6 115 286 129
422 -4 115 286 129
422 2 115 286 130
423 -130 89 286 124
423 -120 112 286 136
423 -107 119 286 124
423 -53 92 286 158
423 -1 100 286 149
424 -28 77 286 99
424 -127 88 286 130
424 -52 78 286 162
424 -53 78 286 162
424 9 92 286 159
425 10 65 286 98
425 -131 79 286 99
425 -128 86 286 121
425 -47 65 286 161
425 -47 64 286 161
425 -47 70 286 160
425 -118 112 286 117
425 7 81 286 158
425 -127 129 286 113
426 -16 32 286 96
426 -40 49 286 155
426 -133 86 286 124
426 11 66 286 159
426 10 67 286 159
426 12 70 286 161
426 -120 111 286 114
426 -124 115 286 124
427 -9 17 286 92
427 -36 33 286 154
427 -36 32 286 154
427 14 55 286 161
427 14 55 286 161
427 -130 87 286 124
427 11 61 286 160
427 -123 111 286 110
427 -45 140 286 90
427 -121 129 286 111
427 -67 145 286 89
427 -55 145 286 89
427 -45 142 286 90
428 -3 19 286 105
428 -28 18 286 160
428 22 38 286 159
428 21 42 286 160
428 21 45 286 160
428 15 49 286 158
428 -128 89 286 133
428 -34 128 286 108
428 -63 136 286 101
428 -34 130 286 108
429 -18 1 286 163
429 -20 3 286 163
429 -20 4 286 163
429 22 26 286 157
429 25 30 286 159
429 25 32 286 159
429 -129 89 286 133
429 -26 116 286 117
429 -115 121 286 121
429 -48 126 286 114
429 -36 125 286 116
429 -33 125 286 116
429 -28 122 286 116
429 -26 125 286 116
430 -17 1 286 141
430 -10 17 286 120
430 25 16 286 159
430 25 15 286 159
430 22 17 286 159
430 22 16 286 159
430 35 41 286 131
430 -49 91 286 87
430 -130 89 286 123
430 -123 132 286 108
430 -122 130 286 108
430 -36 116 286 127
430 -14 120 286 124
431 -8 4 286 109
431 28 4 286 162
431 29 4 286 162
431 29 4 286 162
431 39 29 286 135
431 -43 74 286 93
431 -126 90 286 130
431 -113 124 286 98
431 -55 103 286 138
431 -118 114 286 132
431 -55 105 286 138
431 -34 103 286 144
431 -25 103 286 146
432 30 -1 286 162
432 37 15 286 137
432 44 18 286 135
432 -39 60 286 97
432 -126 88 286 115
432 -19 89 286 154
432 -113 121 286 114
432 -117 120 286 125
432 -44 91 286 164
432 -29 93 286 158
432 -27 93 286 158
433 37 0 286 140
433 39 4 286 134
433 -165 57 286 103
433 -165 63 286 104
433 -133 87 286 131
433 -22 78 286 179
434 -127 90 286 122
434 -18 65 286 181
434 -20 68 286 181
434 -16 74 286 179
434 -115 127 286 114
435 -9 51 286 183
435 -123 88 286 127
435 -14 53 286 183
435 -126 110 286 137
435 -119 111 286 136
435 -25 140 286 96
435 -2 135 286 103
435 2 134 286 104
436 16 37 286 136
436 -3 34 286 186
436 -133 82 286 91
436 -6 39 286 186
436 -129 90 286 132
436 -121 101 286 128
436 -108 108 286 125
436 -107 107 286 125
436 17 121 286 118
436 3 124 286 117
436 5 124 286 117
436 15 124 286 118
437 -4 21 286 187
437 -4 23 286 188
437 -2 23 286 187
437 15 31 286 152
437 11 106 286 104
437 -121 112 286 121
437 -111 113 286 118
437 -118 114 286 121
437 -12 121 286 120
437 2 119 286 123
437 21 111 286 137
438 0 2 286 187
438 -1 4 286 186
438 19 97 286 112
438 -131 90 286 122
438 25 103 286 119
438 -112 109 286 125
438 2 112 286 132
438 5 112 286 132
438 7 112 286 132
439 16 0 138 1
439 18 2 141 1
439 -132 87 167 1
439 21 102 138 1
440 -139 79 286 97
440 -132 86 286 120
440 -128 88 286 128
440 -125 99 286 123
440 -113 105 286 119
440 27 92 286 159
440 29 92 286 159
440 31 92 286 159
441 10 73 286 131
441 -128 86 286 119
441 -109 113 286 115
441 29 83 286 161
441 30 81 286 161
441 28 89 286 162
442 -131 88 286 106
442 -124 101 286 100
442 36 67 286 163
442 32 77 286 163
442 30 77 286 163
442 -122 111 286 135
443 42 57 286 163
443 45 57 286 163
443 46 57 286 163
443 -131 84 286 116
443 39 58 286 163
443 41 57 286 163
443 34 62 286 163
443 39 65 286 163
443 -122 116 286 129
444 52 45 286 161
444 33 52 286 146
444 48 53 286 161
444 -128 88 286 127
444 -120 111 286 104
444 -117 121 286 123
445 54 37 286 159
445 55 37 286 159
445 57 37 286 159
445 50 44 286 159
445 -132 89 286 113
445 -122 112 286 111
446 68 24 286 161
446 65 26 286 161
446 67 25 286 161
446 66 32 286 159
446 -126 102 286 137
446 -124 108 286 140
447 78 7 286 165
447 73 15 286 167
447 71 18 286 167
447 -132 89 286 104
447 -117 116 286 116
448 81 0 286 167
448 78 1 286 167
448 79 1 286 167
448 81 1 286 167
448 81 4 286 167
448 81 2 286 167
448 77 5 286 167
448 -131 86 286 124
448 -120 95 286 131
448 -118 102 286 133
449 -130 87 286 131
449 -118 114 286 107
449 -12 139 286 99
450 -133 87 286 119
450 -7 129 286 104
450 -12 133 286 104
450 -7 131 286 104
451 -133 78 286 99
451 -129 89 286 126
451 26 125 286 85
451 -16 127 286 108
451 27 126 286 111
451 -123 111 286 134
451 -69 148 286 86
451 -41 139 286 99
451 -9 130 286 109
451 3 131 286 109
451 6 131 286 109
451 9 131 286 109
452 -123 94 286 128
452 -110 111 286 106
452 -122 104 286 128
452 -38 129 286 110
452 11 120 286 122
452 23 120 286 124
453 -132 83 286 104
453 -117 114 286 118
453 -63 123 286 119
453 -50 119 286 123
453 -47 119 286 123
453 -42 119 286 123
453 -33 119 286 124
453 3 113 286 131
453 23 114 286 130
453 27 113 286 131
454 -128 89 286 134
454 -125 89 286 132
454 -110 109 286 110
454 -41 110 286 135
454 19 105 286 143
454 36 108 286 140
455 -127 89 286 134
455 -56 97 286 143
455 -123 117 286 127
455 -115 126 286 114
455 -33 99 286 152
455 23 92 286 160
456 -17 74 286 107
456 -128 87 286 120
456 32 78 286 151
456 29 82 286 165
456 -120 122 286 121
456 -27 88 286 165
456 25 87 286 165
457 -17 58 286 103
457 33 60 286 114
457 -130 89 286 125
457 -123 106 286 102
457 30 72 286 160
457 -123 104 286 127
457 26 75 286 161
457 -23 77 286 166
457 -21 78 286 166
457 -122 107 286 142
457 -113 122 286 121
458 21 38 286 102
458 -132 87 286 119
458 32 61 286 158
458 -14 63 286 164
458 27 64 286 160
458 -127 87 286 129
458 -13 68 286 163
458 -126 96 286 136
458 -125 102 286 136
458 -113 123 286 119
458 -107 123 286 118
459 39 46 286 163
459 35 49 286 163
459 37 49 286 163
459 38 46 286 163
459 -11 52 286 165
459 -13 55 286 165
459 -10 52 286 165
459 -130 88 286 115
459 -15 55 286 165
459 41 58 286 159
459 -12 58 286 165
459 -112 109 286 116
459 -72 137 286 96
459 -115 123 286 118
459 -78 141 286 96
460 44 32 286 160
460 -8 40 286 166
460 43 38 286 162
460 43 39 286 162
460 -6 40 286 166
460 -10 43 286 166
460 -127 92 286 137
460 -64 128 286 106
460 -116 121 286 121
460 -87 135 286 103
460 -72 133 286 105
460 -36 143 286 95
460 -8 140 286 99
460 -1 136 286 104
461 51 25 286 162
461 -4 28 286 164
461 47 27 286 162
461 -5 29 286 164
461 -5 28 286 164
461 -123 91 286 129
461 -106 117 286 93
461 -118 126 286 116
461 -53 127 286 113
461 -2 131 286 108
461 29 141 286 96
462 -1 14 286 164
462 0 14 286 164
462 55 15 286 161
462 56 14 286 161
462 59 33 286 147
462 -62 104 286 108
462 16 114 286 92
462 -123 89 286 140
462 -120 90 286 138
462 33 129 286 107
462 -74 121 286 121
462 -54 116 286 127
462 1 119 286 123
462 33 131 286 107
463 3 1 286 167
463 60 1 286 163
463 62 3 286 163
463 62 4 286 163
463 -128 83 286 113
463 -123 120 286 110
463 -119 127 286 114
463 -54 104 286 143
463 2 114 286 129
463 5 114 286 129
463 8 115 286 129
464 0 0 286 144
464 12 1 286 144
464 65 -1 286 163
464 66 -1 286 163
464 68 -1 286 163
464 17 9 286 133
464 -136 81 286 108
464 -130 88 286 130
464 -125 115 286 131
464 -53 94 286 157
464 -5 109 286 137
464 -3 108 286 137
464 0 108 286 137
464 2 109 286 137
465 77 0 286 139
465 79 4 286 137
465 -131 82 286 128
465 -127 88 286 135
465 -119 106 286 123
465 -43 80 286 177
465 7 100 286 150
466 -128 90 153 2
466 -42 73 101 1
466 -40 73 101 1
466 -39 73 101 1
466 11 92 127 2
467 29 63 286 106
467 -123 85 286 121
467 -42 58 286 183
467 -41 59 286 183
467 -126 106 286 123
467 -44 60 286 183
467 -43 60 286 183
467 -42 60 286 183
467 16 85 286 163
467 14 88 286 163
467 15 87 286 163
468 -36 29 286 122
468 -44 43 286 183
468 -43 43 286 183
468 -42 44 286 183
468 -41 44 286 183
468 -129 87 286 118
468 -44 46 286 183
468 -39 49 286 183
468 18 72 286 163
468 -117 120 286 125
468 -39 145 286 90
468 -29 145 286 90
469 27 42 286 114
469 -41 29 286 185
469 -38 34 286 185
469 8 59 286 142
469 21 63 286 163
469 -129 90 286 132
469 -20 118 286 99
469 -102 112 286 125
469 -23 132 286 100
469 -108 119 286 123
469 -26 137 286 100
469 -26 135 286 100
469 3 142 286 95
470 30 30 286 117
470 -38 18 286 187
470 -40 20 286 188
470 26 52 286 161
470 27 52 286 161
470 27 53 286 161
470 -19 102 286 101
470 -15 99 286 103
470 -122 92 286 115
470 -20 102 286 101
470 -122 124 286 118
470 -18 129 286 110
470 13 131 286 109
471 -35 6 286 186
471 38 18 286 114
471 59 26 286 103
471 -24 27 286 142
471 30 41 286 159
471 29 41 286 159
471 -132 87 286 120
471 19 114 286 112
471 18 120 286 115
471 -118 121 286 123
471 -7 121 286 121
472 -29 -1 286 183
472 37 27 286 163
472 37 29 286 163
472 39 38 286 158
472 -127 89 286 122
472 0 109 286 137
473 40 17 286 167
473 41 24 286 164
473 23 82 286 92
473 -131 85 286 115
473 -128 94 286 121
473 -126 100 286 122
473 10 99 286 151
474 45 7 286 166
474 -126 84 286 85
474 -129 87 286 119
474 25 86 286 164
474 21 89 286 164
474 23 88 286 164
474 24 87 286 164
475 50 0 286 163
475 -129 89 286 126
475 -126 104 286 106
475 26 76 286 165
475 26 75 286 165
475 22 78 286 165
475 -129 112 286 128
475 -127 114 286 128
475 -127 116 286 128
476 54 0 286 145
476 55 2 286 144
476 -123 91 286 94
476 -127 85 286 121
476 32 66 286 168
476 -108 103 286 121
477 48 49 286 166
477 45 53 286 167
477 -131 86 286 122
477 43 59 286 166
477 -131 90 286 123
477 0 138 286 98
477 16 141 286 96
478 51 28 286 121
478 55 42 286 168
478 -135 82 286 90
478 -126 88 286 116
478 -71 116 286 101
478 -81 124 286 105
478 -122 120 286 117
478 -80 129 286 105
478 -86 132 286 106
478 -80 131 286 105
478 -61 132 286 106
478 -1 128 286 111
478 10 129 286 110
479 55 20 286 141
479 68 26 286 162
479 61 31 286 165
479 60 40 286 162
479 -128 86 286 120
479 -65 104 286 101
479 -127 109 286 104
479 -127 112 286 104
479 -124 131 286 109
479 -114 129 286 111
479 -70 124 286 116
479 -59 124 286 117
479 0 120 286 122
480 75 17 286 164
480 71 20 286 164
480 73 20 286 164
480 74 18 286 164
480 74 20 286 164
480 -61 93 286 108
480 -130 84 286 125
480 -121 89 286 142
480 -121 112 286 114
480 -122 91 286 147
480 -116 127 286 114
480 -68 112 286 133
480 -65 112 286 133
480 -63 112 286 133
480 -55 113 286 132
480 2 111 286 134
481 83 5 286 168
481 84 6 286 168
481 82 7 286 167
481 85 10 286 167
481 -50 85 286 111
481 -126 88 286 137
481 -121 88 286 136
481 -125 116 286 124
481 -124 118 286 124
481 -61 92 286 161
481 -35 117 286 125
481 8 101 286 147
482 85 0 286 166
482 -61 63 286 108
482 -126 83 286 85
482 -133 85 286 111
482 -35 102 286 129
482 -118 111 286 137
482 -60 85 286 169
482 11 95 286 154
482 12 95 286 154
482 14 95 286 154
483 90 7 286 109
483 92 18 286 103
483 -58 51 286 104
483 -123 93 286 135
483 -59 72 286 166
483 -59 72 286 166
483 15 86 286 150
483 15 85 286 150
483 -124 99 286 133
483 11 88 286 150
483 11 86 286 150
484 -131 84 286 114
484 -57 58 286 166
484 -57 57 286 166
484 -123 104 286 101
484 -55 69 286 154
484 19 76 286 152
484 -123 131 286 108
485 -53 25 286 109
485 -54 44 286 168
485 24 60 286 154
485 -131 84 286 116
485 20 63 286 153
485 19 66 286 153
485 -120 88 286 142
485 -125 89 286 143
485 -115 124 286 116
486 -50 13 286 110
486 46 38 286 102
486 -48 30 286 169
486 -48 29 286 169
486 -50 33 286 171
486 26 51 286 152
486 23 55 286 152
486 24 58 286 152
486 -133 84 286 125
486 -126 88 286 138
486 -118 127 286 114
487 -43 17 286 169
487 11 39 286 117
487 36 36 286 148
487 -28 42 286 127
487 30 41 286 148
487 30 42 286 148
487 30 41 286 148
487 -130 86 286 123
487 -126 86 286 130
487 -117 117 286 101
487 -122 118 286 103
488 -35 2 286 165
488 -37 2 286 165
488 16 27 286 121
488 40 27 286 149
488 38 32 286 149
488 38 28 286 149
488 35 32 286 149
488 -129 85 286 125
488 -125 111 286 114
488 -124 114 286 117
489 -32 0 286 148
489 46 15 286 153
489 44 19 286 154
489 -34 31 286 94
489 -123 87 286 127
489 -124 110 286 117
489 -123 114 286 118
489 9 130 286 109
489 12 130 286 109
489 17 130 286 109
489 19 130 286 109
490 48 11 131 1
490 47 27 145 1
490 -164 63 182 1
490 -164 68 182 1
490 -125 93 161 1
490 -111 116 176 1
490 -118 119 171 1
490 10 122 166 1
491 52 0 286 154
491 -140 80 286 96
491 -132 86 286 120
491 31 97 286 110
491 -130 90 286 123
491 -114 119 286 120
491 11 113 286 131
491 19 115 286 129
491 27 114 286 131
492 54 0 286 140
492 -133 86 286 119
492 -118 107 286 109
492 -112 114 286 108
492 -122 118 286 112
492 -121 119 286 112
492 -120 121 286 112
492 28 102 286 148
493 40 63 286 109
493 0 88 286 116
493 -122 93 286 129
493 -124 104 286 126
493 29 92 286 159
493 30 92 286 159
493 32 92 286 159
494 -131 88 286 115
494 -123 88 286 128
494 -127 118 286 103
494 39 84 286 161
494 39 83 286 161
495 57 44 286 104
495 -131 83 286 127
495 45 66 286 160
495 -127 87 286 135
496 61 31 286 110
496 -139 79 286 98
496 54 53 286 160
496 49 55 286 160
496 53 53 286 160
496 -135 84 286 116
496 49 57 286 160
496 -126 104 286 116
496 -121 108 286 121
496 -117 125 286 116
497 68 17 286 112
497 -138 77 286 87
497 60 41 286 163
497 -133 89 286 126
497 -120 107 286 136
498 78 6 286 114
498 71 28 286 163
498 -132 80 286 124
498 -130 87 286 130
498 -123 103 286 120
498 -110 111 286 125
499 82 16 286 160
499 81 18 286 160
499 81 16 286 160
499 78 19 286 160
499 75 22 286 160
499 -121 91 286 135
499 -115 119 286 92
500 89 4 286 159
500 89 7 286 159
500 -132 88 286 127
500 -129 94 286 133
501 86 -1 286 143
501 87 2 286 144
501 -131 88 286 128
501 -128 91 286 128
501 -62 149 286 86
501 -28 143 286 96
501 -13 142 286 96
501 -3 137 286 101
502 -130 86 286 122
502 -125 95 286 125
502 -61 145 286 91
502 -32 135 286 103
502 -28 135 286 103
502 -15 134 286 107
502 -4 133 286 107
503 -130 85 286 81
503 -126 90 286 86
503 -129 83 286 119
503 -123 95 286 104
503 -3 110 286 88
503 -114 107 286 121
503 -125 110 286 131
503 -58 130 286 111
503 -26 123 286 119
503 6 133 286 107
504 -131 83 286 128
504 -131 87 286 128
504 -115 105 286 123
504 -125 109 286 126
504 -125 111 286 126
504 -124 115 286 126
504 -30 111 286 133
504 -28 111 286 133
504 -26 112 286 133
504 -17 113 286 133
504 2 128 286 113
505 -135 83 286 129
505 -133 87 286 131
505 -119 106 286 114
505 -117 122 286 122
505 -27 101 286 148
505 -23 101 286 149
506 -124 85 286 117
506 -120 112 286 113
506 -121 123 286 120
506 -115 123 286 119
506 -19 87 286 168
507 -128 87 286 128
507 -42 78 286 143
507 -121 114 286 111
507 -116 116 286 109
507 -124 114 286 133
507 -12 79 286 177
508 -2 33 286 99
508 -134 79 286 96
508 -7 51 286 166
508 -2 53 286 165
508 -130 90 286 131
508 -114 119 286 109
508 -121 124 286 111
508 -89 139 286 99
508 -77 137 286 100
508 -60 140 286 96
508 -49 140 286 97
509 5 19 286 102
509 -30 40 286 136
509 0 40 286 169
509 0 39 286 169
509 -129 83 286 118
509 -119 106 286 114
509 -119 114 286 114
509 -121 128 286 110
509 -78 128 286 111
509 -67 129 286 110
510 -1 7 286 126
510 4 26 286 171
510 6 26 286 171
510 7 25 286 171
510 -164 61 286 104
510 2 33 286 169
510 -161 63 286 102
510 -82 103 286 97
510 -49 109 286 89
510 -118 109 286 105
510 -126 97 286 136
510 -77 117 286 125
510 -61 119 286 123
510 13 140 286 98
510 22 141 286 97
511 8 12 286 173
511 -82 88 286 87
511 -122 94 286 105
511 -128 88 286 127
511 -125 109 286 109
511 -113 119 286 120
511 -71 107 286 141
512 12 0 286 171
512 -129 76 286 88
512 -129 83 286 118
512 -119 109 286 134
512 30 121 286 116
512 -66 94 286 157
512 -48 109 286 136
512 6 125 286 116
512 14 125 286 115
512 26 126 286 116
513 18 0 286 135
513 29 0 286 132
513 13 0 286 135
513 29 3 286 133
513 -132 90 286 132
513 -128 90 286 132
513 -125 117 286 115
513 -63 84 286 160
513 -119 121 286 122
513 16 119 286 124
513 31 122 286 120
514 -138 80 286 135
514 -131 88 286 115
514 -137 84 286 137
514 -60 70 286 155
514 -63 74 286 155
514 -115 112 286 111
514 -119 120 286 123
514 16 101 286 148
515 -56 54 286 155
515 -132 86 286 122
515 -70 131 286 96
515 -121 116 286 123
515 -120 118 286 123
515 -120 120 286 123
515 -85 135 286 103
515 16 94 286 157
516 -54 39 286 160
516 -53 46 286 155
516 -128 87 286 120
516 -123 85 286 121
516 -118 107 286 98
516 -69 112 286 100
516 17 82 286 156
516 -122 112 286 130
516 18 85 286 158
516 -122 114 286 130
516 -77 128 286 111
516 -22 142 286 96
517 -51 28 286 160
517 -51 27 286 160
517 -52 32 286 158
517 -133 81 286 94
517 -71 91 286 100
517 -75 97 286 100
517 22 72 286 158
517 -130 89 286 136
517 22 75 286 160
517 -122 117 286 113
517 -79 122 286 118
517 -59 120 286 122
518 -46 14 286 155
518 24 64 286 157
518 25 62 286 157
518 -132 87 286 121
518 22 65 286 157
518 -122 94 286 122
518 23 66 286 157
518 -51 110 286 136
519 -42 0 286 153
519 4 58 286 123
519 29 56 286 155
519 -131 87 286 119
519 -130 89 286 124
519 -122 113 286 120
519 -118 121 286 122
519 -50 102 286 145
519 -41 103 286 144
519 -36 104 286 144
519 -34 104 286 144
520 -24 0 286 122
520 -50 2 286 101
520 -10 2 286 109
520 38 38 286 155
520 35 40 286 155
520 -125 84 286 86
520 -131 86 286 121
520 -128 87 286 129
520 -125 111 286 124
520 -110 118 286 103
520 -125 113 286 124
520 -124 117 286 124
520 -124 119 286 124
520 -37 88 286 166
521 40 27 286 156
521 40 30 286 156
521 38 30 286 156
521 -130 83 286 117
521 -129 94 286 101
521 -123 114 286 133
521 -40 79 286 177
522 44 17 286 157
522 40 19 286 157
522 40 18 286 157
522 -38 39 286 102
522 -131 88 286 128
522 -32 64 286 172
522 -35 67 286 172
522 -33 65 286 172
522 -32 65 286 172
522 -34 69 286 172
522 -32 67 286 172
522 -32 71 286 172
522 -125 114 286 126
522 -125 115 286 126
522 4 139 286 97
523 44 5 286 157
523 44 8 286 156
523 -32 25 286 106
523 -27 50 286 174
523 -27 50 286 174
523 -129 90 286 112
523 -123 108 286 102
523 36 128 286 92
523 6 128 286 112
523 34 137 286 101
524 44 0 286 153
524 -13 23 286 122
524 -24 37 286 177
524 -25 42 286 176
524 -131 85 286 111
524 -126 90 286 130
524 -126 90 286 130
524 -125 97 286 130
524 -124 108 286 133
524 3 115 286 129
525 -20 24 286 177
525 -21 32 286 173
525 -131 86 286 120
525 -128 88 286 127
525 -106 108 286 117
525 -117 121 286 122
525 -108 120 286 121
525 -107 120 286 121
525 -105 120 286 121
525 -32 142 286 93
525 7 107 286 140
525 9 107 286 140
525 12 107 286 140
526 -15 11 286 172
526 -16 17 286 175
526 -128 89 286 134
526 -44 137 286 100
526 -32 136 286 101
526 -30 136 286 101
526 -27 136 286 101
526 13 95 286 155
526 20 94 286 157
526 25 93 286 158
527 -10 1 286 171
527 -9 6 286 170
527 54 77 286 114
527 -131 90 286 123
527 38 81 286 160
527 -115 116 286 118
527 32 83 286 162
527 -48 128 286 112
527 -27 131 286 108
527 -10 135 286 102
528 1 0 286 144
528 4 4 286 135
528 40 51 286 102
528 -118 108 286 90
528 -122 87 286 127
528 43 72 286 165
528 -125 116 286 123
528 -44 119 286 118
528 -124 118 286 123
528 -52 124 286 117
528 -45 122 286 118
528 -33 125 286 116
528 -23 125 286 116
529 57 57 286 167
529 -125 84 286 116
529 53 58 286 167
529 55 58 286 167
529 56 58 286 167
529 -9 98 286 99
529 57 59 286 167
529 50 62 286 167
529 -36 103 286 115
529 -36 102 286 115
529 -124 111 286 115
529 -122 113 286 127
529 -55 119 286 124
529 -47 119 286 124
529 -32 120 286 122
529 -26 120 286 122
529 -19 119 286 123
530 -135 82 286 89
530 -126 84 286 84
530 60 46 286 170
530 58 49 286 169
530 -43 87 286 112
530 -34 88 286 112
530 -22 91 286 113
530 -131 87 286 129
530 -14 99 286 114
530 -54 105 286 137
530 -125 131 286 109
530 -118 132 286 109
530 -46 108 286 137
530 -43 108 286 137
530 -38 109 286 137
530 -33 109 286 137
530 -31 109 286 137
530 -13 110 286 135
531 70 31 286 163
531 67 34 286 163
531 -37 69 286 116
531 -30 71 286 115
531 -134 89 286 124
531 -125 110 286 116
531 -126 117 286 114
531 -44 97 286 154
531 -22 100 286 149
532 80 19 286 164
532 -32 59 286 122
532 -133 80 286 124
532 -131 89 286 135
532 -107 106 286 114
532 -107 113 286 116
532 -122 118 286 128
532 -105 122 286 119
532 -36 85 286 170
533 87 10 286 167
533 88 15 286 165
533 -129 85 286 80
533 -52 71 286 154
533 -123 91 286 128
533 -118 131 286 109
533 -34 75 286 182
534 91 4 286 164
534 -16 15 286 100
534 -129 88 286 118
534 -33 66 286 183
535 -15 1 286 87
535 -133 78 286 98
535 -131 88 286 114
535 -27 53 286 179
535 -124 88 286 126
535 -111 105 286 116
536 -21 43 286 176
536 -134 82 286 119
536 -134 87 286 119
536 -109 100 286 133
536 -110 105 286 125
536 -103 106 286 123
536 -122 108 286 141
537 -15 29 286 175
537 -18 31 286 177
537 -11 36 286 170
537 -128 87 286 119
538 10 19 286 142
538 -10 19 286 180
538 -134 83 286 117
538 -134 85 286 117
538 -109 105 286 123
538 -15 131 286 109
538 2 140 286 98
539 -7 8 286 182
539 -133 84 286 103
539 -131 85 286 98
539 -112 108 286 122
539 16 110 286 133
539 -7 122 286 120
539 16 111 286 133
540 10 -1 286 151
540 -130 85 286 122
540 -130 89 286 124
540 -124 114 286 109
540 -40 118 286 112
540 -7 113 286 132
540 0 113 286 131
540 24 104 286 144
541 -131 87 286 131
541 -38 110 286 124
541 -112 126 286 116
541 6 101 286 149
541 20 98 286 151
541 21 98 286 151
541 23 97 286 151
542 -130 86 286 130
542 -122 128 286 103
542 11 87 286 167
543 -130 88 286 117
543 -113 105 286 114
543 -114 109 286 122
543 12 77 286 168
543 -122 129 286 112
544 -123 86 286 79
544 -135 83 286 128
544 20 62 286 167
544 34 62 286 163
544 -133 87 286 132
544 -129 89 286 125
544 16 64 286 167
544 20 66 286 167
544 -124 103 286 127
545 -130 86 286 78
545 24 49 286 169
545 -122 89 286 110
545 24 53 286 170
545 -123 93 286 120
545 -125 104 286 117
545 -121 117 286 113
545 -119 122 286 106
546 29 37 286 171
546 31 37 286 171
546 32 37 286 171
546 36 37 286 171
546 36 38 286 171
546 -129 82 286 92
546 -126 92 286 117
546 -110 113 286 112
546 -117 114 286 117
547 36 26 286 170
547 38 26 286 170
547 40 26 286 170
547 -124 92 286 127
547 -122 113 286 111
547 -120 134 286 104
547 -35 130 286 111
547 -7 138 286 100
548 43 11 286 168
548 42 12 286 168
548 47 12 286 168
548 48 12 286 168
548 42 18 286 167
548 -126 92 286 136
548 -117 112 286 116
548 21 135 286 100
548 -28 118 286 125
548 21 138 286 100
549 51 0 286 168
549 56 0 286 167
549 -125 85 286 97
549 -130 85 286 107
549 -124 87 286 118
549 -17 102 286 118
549 -119 110 286 137
549 -16 116 286 128
549 -9 115 286 129
549 0 117 286 126
549 18 123 286 118
550 53 0 286 145
550 60 0 286 144
550 61 2 286 144
550 -12 84 286 107
550 -131 86 286 123
550 -110 106 286 103
550 -126 111 286 114
550 -120 109 286 124
550 10 107 286 140
551 -12 75 286 103
551 16 84 286 98
551 -125 87 286 138
551 -122 110 286 112
551 -121 123 286 111
551 10 96 286 154
552 19 64 286 119
552 -123 86 286 111
552 -122 103 286 110
552 -4 84 286 130
552 -116 108 286 118
552 9 86 286 163
552 30 80 286 174
552 0 92 286 161
552 26 82 286 175
552 30 81 286 174
553 -6 65 286 101
553 -125 84 286 126
553 -115 104 286 115
553 -123 119 286 118
553 30 75 286 182
554 37 45 286 125
554 21 59 286 145
554 -128 85 286 111
554 38 57 286 180
554 33 60 286 180
554 -124 102 286 125
554 34 62 286 180
554 -125 110 286 124
555 43 47 286 181
555 45 46 286 181
555 46 45 286 181
555 42 47 286 181
555 -127 91 286 128
555 -127 93 286 128
555 -122 103 286 128
555 -121 130 286 106
556 52 30 286 184
556 49 32 286 184
556 -134 81 286 107
556 -131 88 286 129
556 -128 92 286 129
556 -111 119 286 109
556 -125 114 286 132
556 -115 131 286 108
556 -113 131 286 108
556 -22 143 286 95
556 -12 142 286 95
557 53 22 286 185
557 55 21 286 186
557 -129 90 286 100
557 -124 109 286 133
557 -124 111 286 133
557 -31 137 286 101
557 -4 133 286 105
557 20 136 286 101
558 65 7 286 184
558 62 9 286 184
558 63 9 286 184
558 60 10 286 184
558 61 9 286 184
558 68 33 286 157
558 -124 86 286 132
558 -115 119 286 125
558 -23 127 286 113
558 -1 121 286 121
558 24 125 286 118
559 69 0 286 181
559 70 0 286 181
559 71 0 286 181
559 -124 86 286 78
559 0 95 286 89
559 -130 83 286 116
559 -1 110 286 135
560 86 3 286 155
560 86 3 286 155
560 86 8 286 154
560 3 80 286 94
560 -122 87 286 135
560 -119 109 286 125
560 2 99 286 151
561 84 0 286 139
561 -126 86 286 131
561 -120 117 286 111
561 -122 119 286 111
561 -72 140 286 97
561 -66 142 286 93
561 -46 146 286 88
561 13 86 286 168
562 -129 88 286 125
562 -123 118 286 109
562 -114 125 286 115
562 -75 128 286 114
562 -71 130 286 110
562 -52 125 286 115
562 13 81 286 174
562 20 82 286 172
562 23 82 286 172
562 28 82 286 173
563 14 44 286 102
563 -12 54 286 109
563 -65 101 286 82
563 -120 95 286 105
563 28 62 286 170
563 20 64 286 172
563 -125 110 286 124
563 -124 118 286 126
563 -68 115 286 130
563 -52 119 286 124
563 -34 133 286 107
564 -163 56 286 106
564 28 50 286 173
564 30 49 286 173
564 31 50 286 173
564 8 60 286 157
564 11 62 286 157
564 -120 124 286 117
564 -104 119 286 123
564 -56 104 286 144
565 30 22 286 133
565 34 37 286 178
565 34 38 286 178
565 40 39 286 178
565 32 42 286 176
565 -43 82 286 128
565 -124 87 286 127
565 -120 110 286 106
565 -112 111 286 107
565 -52 90 286 156
566 34 10 286 135
566 38 26 286 178
566 38 25 286 178
566 -132 81 286 107
566 -51 75 286 159
566 -116 107 286 120
566 -54 76 286 160
566 -123 118 286 118
567 48 8 286 177
567 43 12 286 174
567 45 11 286 174
567 46 11 286 174
567 -20 61 286 122
567 -48 60 286 158
567 -42 64 286 155
567 -129 88 286 126
567 -117 112 286 114
567 -114 109 286 114
567 -109 121 286 121
568 53 0 286 175
568 43 9 286 166
568 -45 44 286 152
568 -46 42 286 152
568 -47 44 286 152
568 -24 55 286 118
568 -38 49 286 148
568 -128 84 286 123
568 -128 88 286 128
568 -124 88 286 126
568 -118 100 286 109
568 -122 110 286 110
568 -122 108 286 110
568 -120 116 286 114
569 -43 27 286 153
569 -125 90 286 132
569 -125 109 286 125
570 -41 9 286 156
570 -128 84 286 123
570 -117 102 286 102
570 -133 88 286 126
570 -109 103 286 118
570 -105 103 286 117
570 -8 139 286 97
570 -5 139 286 97
570 0 139 286 97
570 5 140 286 97
570 8 140 286 97
571 -37 -1 286 153
571 -132 83 286 105
571 -107 113 286 116
571 -107 112 286 116
571 -115 117 286 117
571 20 132 286 102
571 -4 126 286 114
571 20 134 286 102
572 -126 86 286 122
572 22 103 286 96
572 -109 103 286 110
572 -112 108 286 110
572 -120 122 286 120
572 -116 122 286 118
572 6 114 286 131
572 8 114 286 131
572 11 114 286 131
573 -130 87 286 131
573 -122 109 286 110
573 -112 121 286 99
573 -118 121 286 107
573 0 102 286 146
574 -122 100 286 103
574 -118 110 286 116
574 -114 128 286 113
574 1 87 286 166
575 27 62 286 105
575 -131 85 286 108
575 -118 116 286 116
575 10 77 286 172
575 -118 126 286 116
575 2 82 286 171
576 -138 79 286 97
576 -130 86 286 124
576 13 60 286 170
576 13 61 286 170
576 -110 107 286 103
576 16 61 286 170
576 16 61 286 170
576 -114 111 286 110
576 -119 117 286 123
576 -119 119 286 123
577 21 47 286 167
577 21 45 286 167
577 18 47 286 167
577 -125 86 286 132
577 -119 107 286 122
577 -118 112 286 133
577 -119 130 286 105
578 33 29 286 166
578 29 32 286 166
578 29 31 286 166
578 33 40 286 159
578 -135 83 286 128
578 -125 90 286 132
578 -122 116 286 121
579 37 16 286 169
579 33 19 286 169
579 34 18 286 169
579 36 17 286 169
579 31 19 286 169
579 36 34 286 156
579 -131 87 286 121
579 -129 89 286 125
580 42 3 286 173
580 42 4 286 173
580 37 5 286 172
580 42 13 286 169
580 -122 96 286 128
580 -122 99 286 128
581 41 -1 286 169
581 -131 88 286 115
581 -128 91 286 112
581 -119 101 286 122
581 -117 108 286 116
581 -124 109 286 117
581 -108 118 286 113
582 -128 86 286 121
582 -127 95 286 129
582 -101 109 286 126
582 -124 112 286 133
583 -131 87 286 75
583 -130 87 286 117
583 -128 90 286 121
583 -106 109 286 109
583 -109 114 286 119
584 -125 86 286 131
584 -120 106 286 113
584 -108 112 286 105
584 -119 127 286 114
585 -137 83 286 89
585 -122 86 286 121
585 -124 114 286 100
585 -118 115 286 99
586 -124 90 286 90
586 -122 112 286 103
586 -126 91 286 137
586 -114 120 286 118
586 -115 118 286 118
587 -128 89 286 133
587 -26 140 286 98
588 -130 85 286 120
588 -111 104 286 100
588 -125 93 286 125
588 -118 105 286 125
588 -116 125 286 116
588 -18 119 286 124
588 1 126 286 116
589 -133 87 286 120
589 -129 90 286 120
589 -22 112 286 133
589 -18 112 286 133
589 -16 112 286 133
589 -5 113 286 132
589 6 115 286 129
590 -136 81 286 118
590 -126 87 286 130
590 -119 115 286 113
590 -7 99 286 152
590 2 101 286 149
590 4 101 286 149
591 -125 88 286 133
591 5 71 286 161
591 8 71 286 162
591 -126 115 286 130
591 -20 142 286 94
591 -7 142 286 94
591 -4 142 286 94
591 -1 142 286 94
591 16 143 286 94
591 29 140 286 98
592 -123 86 286 79
592 13 55 286 161
592 12 55 286 161
592 12 55 286 161
592 -134 85 286 123
592 13 61 286 161
592 -131 89 286 123
592 -115 108 286 118
592 -123 109 286 134
592 -123 111 286 134
592 4 129 286 110
593 18 38 286 161
593 12 44 286 163
593 -124 88 286 127
593 -118 105 286 124
593 -122 117 286 128
593 -11 128 286 112
593 8 120 286 122
594 19 34 286 166
594 -130 83 286 118
594 -121 112 286 112
594 -113 111 286 109
594 -123 117 286 127
594 16 108 286 139
594 32 111 286 134
595 28 21 286 164
595 26 24 286 164
595 26 21 286 164
595 25 24 286 164
595 -132 87 286 120
595 37 96 286 155
596 36 10 286 162
596 28 65 286 97
596 -130 88 286 117
596 -116 107 286 101
596 -116 104 286 118
596 46 84 286 153
596 39 87 286 156
597 41 0 286 159
597 43 0 286 159
597 44 0 286 159
597 44 18 286 134
597 -121 92 286 106
597 -127 87 286 126
597 53 71 286 160
597 56 70 286 159
597 -126 90 286 130
597 49 75 286 160
597 -112 126 286 116
598 49 0 286 145
598 58 57 286 157
598 59 57 286 157
598 61 60 286 157
598 62 60 286 157
598 -131 81 286 121
598 -111 104 286 118
599 71 40 286 156
599 68 43 286 156
599 69 43 286 156
599 71 42 286 156
599 71 46 286 156
599 68 51 286 157
599 -119 114 286 131
600 77 33 286 159
600 83 33 286 158
600 76 36 286 160
600 -126 88 286 136
600 -44 135 286 102
600 -15 140 286 100
600 -8 139 286 100
601 83 12 286 162
601 84 24 286 159
601 -128 89 286 113
601 -44 119 286 102
601 -119 111 286 115
601 -43 129 286 109
601 -23 129 286 110
601 -21 129 286 110
601 -18 129 286 110
601 9 139 286 100
601 23 141 286 97
602 90 7 286 158
602 -126 84 286 123
602 -42 95 286 106
602 -42 97 286 106
602 24 133 286 85
602 -117 119 286 124
602 -38 110 286 140
602 -27 115 286 130
602 9 136 286 101
