#config f cx cy
293 421 182
#image x y z h
4 92 1 250 156
4 106 21 250 132
4 -130 74 250 87
4 -195 64 250 111
4 -189 106 250 115
4 -199 172 250 78
4 -184 171 250 79
4 67 74 250 174
5 94 1 250 158
5 -130 75 250 86
5 -196 64 250 110
5 -188 103 250 116
5 68 65 250 172
5 65 66 250 172
5 66 66 250 172
5 -186 171 250 79
6 99 1 250 157
6 -13 32 250 81
6 -130 75 250 86
6 -197 64 250 109
6 68 57 250 171
6 -189 106 250 115
6 67 59 250 171
6 63 61 250 172
6 65 63 250 172
6 -186 171 250 79
7 117 3 250 158
7 117 4 250 158
7 -198 34 250 79
7 116 10 250 158
7 -211 38 250 101
7 -13 36 250 94
7 -13 32 250 94
7 -130 75 250 86
7 -197 64 250 110
7 64 44 250 171
7 64 45 250 171
7 64 48 250 171
7 -188 105 250 116
7 -201 155 250 84
7 -186 171 250 79
8 -211 15 250 78
8 121 9 250 162
8 -11 31 250 104
8 -11 30 250 104
8 -131 76 250 86
8 64 37 250 171
8 -197 64 250 110
8 63 39 250 172
8 61 42 250 172
8 -188 106 250 116
8 -201 165 250 79
8 -219 165 250 87
8 -197 168 250 79
8 -198 171 250 79
8 -181 173 250 78
9 125 7 250 159
9 -215 23 250 81
9 -3 26 250 111
9 -9 30 250 111
9 -7 30 250 111
9 -4 26 250 111
9 127 17 250 152
9 -129 75 250 87
9 61 33 250 171
9 63 34 250 172
9 -196 64 250 110
9 -187 105 250 117
9 -209 172 250 79
9 -202 171 250 79
9 -190 171 250 79
9 -186 171 250 79
10 130 4 250 156
10 128 11 250 158
10 -3 24 250 134
10 126 16 250 157
10 -3 31 250 133
10 -3 28 250 133
10 68 23 250 171
10 65 24 250 171
10 66 24 250 171
10 -127 69 250 86
10 64 26 250 171
10 -130 76 250 86
10 62 30 250 171
10 -197 64 250 110
10 -132 76 250 86
10 -191 103 250 114
10 -219 174 250 78
10 -215 174 250 78
10 -186 171 250 79
10 -184 171 250 79
10 -181 172 250 79
11 -217 32 250 85
11 127 17 250 158
11 -8 31 250 145
11 66 19 250 172
11 68 22 250 172
11 -128 73 250 86
11 -128 71 250 86
11 -197 64 250 110
11 -191 100 250 114
11 -187 159 250 78
11 -187 164 250 78
11 -199 172 250 78
11 -191 169 250 78
11 -185 169 250 78
11 -181 173 250 78
12 -190 36 250 78
12 128 18 250 157
12 66 16 250 171
12 66 15 250 171
12 128 19 250 157
12 127 23 250 157
12 127 22 250 157
12 -129 71 250 84
12 -6 38 250 153
12 125 30 250 156
12 -129 77 250 84
12 -197 64 250 110
12 -132 77 250 84
12 -7 42 250 153
12 -186 96 250 118
12 -184 163 250 79
12 -186 171 250 79
12 -184 168 250 79
12 -181 172 250 79
13 69 11 250 170
13 69 12 250 170
13 130 19 250 155
13 -145 52 250 77
13 126 27 250 155
13 129 23 250 156
13 125 29 250 155
13 -128 69 250 84
13 117 33 250 155
13 119 33 250 155
13 121 32 250 155
13 -4 43 250 155
13 -195 63 250 111
13 -133 78 250 85
13 -9 46 250 156
13 -7 46 250 156
13 -192 93 250 114
13 -199 172 250 78
13 -184 171 250 79
14 -211 15 250 78
14 76 4 250 171
14 -217 31 250 86
14 -145 51 250 77
14 119 35 250 156
14 119 38 250 156
14 -129 75 250 86
14 117 38 250 156
14 -195 63 250 111
14 104 45 250 152
14 108 47 250 155
14 -195 90 250 112
14 -5 59 250 157
14 -3 58 250 157
14 -13 60 250 158
14 -9 64 250 158
14 -184 171 250 79
15 77 5 250 167
15 -191 35 250 77
15 -7 34 250 107
15 -129 74 250 86
15 -8 50 250 133
15 -195 63 250 111
15 107 45 250 155
15 101 51 250 155
15 -196 90 250 111
15 -6 67 250 156
15 -6 67 250 156
15 -6 71 250 157
15 -208 159 250 79
15 -198 171 250 79
15 -191 171 250 79
15 -184 171 250 79
15 -181 172 250 79
16 75 5 250 155
16 86 9 250 154
16 -15 41 250 113
16 -129 74 250 86
16 113 46 250 153
16 -195 63 250 111
16 -7 59 250 133
16 105 51 250 155
16 -195 88 250 112
16 100 56 250 155
16 -9 77 250 161
16 -7 77 250 161
16 -5 77 250 161
16 -186 171 250 79
17 77 2 250 149
17 -222 41 250 93
17 -130 74 250 86
17 -195 63 250 111
17 -195 89 250 112
17 105 62 250 155
17 95 67 250 152
17 2 81 250 163
17 -208 170 250 80
17 -187 171 250 79
17 1 84 250 163
17 1 83 250 163
18 84 3 250 144
18 -215 32 250 87
18 -143 51 250 78
18 -127 69 250 86
18 -130 74 250 86
18 -195 63 250 112
18 -195 89 250 112
18 109 66 250 155
18 104 70 250 153
18 101 73 250 154
18 -187 163 250 79
18 -215 169 250 82
18 -184 168 250 79
18 -181 172 250 79
18 5 84 250 163
19 86 3 250 141
19 87 7 250 141
19 -221 40 250 94
19 -143 51 250 78
19 -130 74 250 86
19 -195 63 250 112
19 -195 89 250 112
19 101 74 250 154
19 15 79 250 157
19 104 74 250 156
19 100 77 250 156
19 -207 164 250 80
19 -207 168 250 80
19 -190 171 250 79
19 -186 171 250 79
19 10 85 250 163
20 -215 24 250 82
20 -198 34 250 79
20 17 58 250 108
20 17 59 250 108
20 -130 74 250 86
20 -195 63 250 112
20 -195 90 250 112
20 108 74 250 155
20 96 75 250 155
20 100 74 250 157
20 -217 163 250 80
20 -217 168 250 80
20 -202 171 250 79
20 -190 171 250 79
20 -186 171 250 79
20 20 86 250 162
21 -209 31 250 93
21 -127 69 250 86
21 -129 74 250 86
21 -195 63 250 111
21 -195 90 250 112
21 93 73 250 157
21 95 73 250 157
21 97 75 250 157
21 -199 171 250 78
21 -184 171 250 79
21 26 90 250 159
22 -222 39 250 92
22 -127 69 250 86
22 -129 74 250 86
22 -195 63 250 111
22 -195 90 250 112
22 89 71 250 155
22 -186 171 250 79
22 33 94 250 155
22 128 151 250 98
23 -216 39 250 98
23 -128 70 250 85
23 -128 74 250 85
23 -195 63 250 111
23 90 61 250 154
23 -196 90 250 111
23 82 66 250 151
23 -199 172 250 78
23 -184 171 250 79
23 39 98 250 150
23 124 148 250 102
24 -212 30 250 91
24 -144 51 250 78
24 -128 69 250 85
24 -130 74 250 85
24 -195 63 250 112
24 75 49 250 153
24 -193 91 250 113
24 -187 171 250 79
24 50 102 250 146
24 119 143 250 109
25 -212 38 250 101
25 -148 52 250 78
25 -128 69 250 85
25 -130 74 250 85
25 70 46 250 153
25 -195 63 250 112
25 -189 97 250 116
25 -186 171 250 79
25 58 102 250 146
25 123 145 250 104
26 -146 51 250 78
26 -128 69 250 84
26 -132 76 250 84
26 68 44 250 155
26 -195 63 250 111
26 -138 78 250 84
26 -186 96 250 118
26 -186 171 250 79
26 65 100 250 149
27 -219 39 250 95
27 -143 51 250 78
27 -129 69 250 84
27 -132 76 250 84
27 -195 63 250 111
27 -138 78 250 84
27 45 49 250 145
27 56 46 250 149
27 -185 99 250 118
27 -197 170 250 80
27 -186 171 250 79
27 84 90 250 160
28 -220 39 250 94
28 66 31 250 122
28 -144 51 250 78
28 -129 69 250 84
28 -132 74 250 84
28 53 46 250 153
28 -195 62 250 112
28 45 51 250 149
28 -184 99 250 118
28 91 84 250 163
28 -186 171 250 79
28 90 85 250 163
29 -210 37 250 102
29 -145 51 250 77
29 -129 69 250 84
29 -132 74 250 84
29 50 46 250 150
29 -195 62 250 112
29 42 54 250 147
29 -184 99 250 119
29 30 158 250 86
29 -210 173 250 78
29 -204 169 250 78
29 -185 169 250 78
29 -181 173 250 78
29 95 85 250 164
30 -208 38 250 104
30 -145 51 250 77
30 -129 71 250 84
30 -129 74 250 84
30 -197 64 250 110
30 38 60 250 152
30 101 72 250 137
30 34 65 250 152
30 -185 103 250 118
30 117 68 250 165
30 116 70 250 165
30 116 72 250 165
30 116 71 250 165
30 -212 175 250 77
30 -186 171 250 79
30 104 136 250 114
31 -208 37 250 103
31 -129 69 250 84
31 -197 64 250 110
31 35 67 250 153
31 -184 102 250 119
31 27 70 250 153
31 117 63 250 166
31 32 73 250 153
31 -186 171 250 79
31 -184 171 250 79
31 -181 172 250 79
31 94 131 250 117
31 122 135 250 114
32 82 1 250 151
32 81 5 250 155
32 -191 35 250 78
32 -216 38 250 97
32 -129 69 250 84
32 -198 65 250 109
32 -131 75 250 84
32 121 58 250 163
32 121 60 250 163
32 32 71 250 155
32 -182 102 250 120
32 -186 171 250 79
32 103 132 250 117
32 121 134 250 115
33 73 2 250 143
33 87 5 250 172
33 87 7 250 172
33 87 8 250 172
33 -214 38 250 99
33 -154 54 250 76
33 -129 71 250 84
33 -200 65 250 108
33 -140 78 250 85
33 124 49 250 162
33 -182 102 250 120
33 26 77 250 154
33 16 80 250 154
33 -218 170 250 78
33 -215 174 250 78
33 -202 169 250 78
33 -184 171 250 79
33 91 127 250 122
33 119 132 250 117
34 97 8 250 173
34 94 13 250 173
34 95 13 250 173
34 96 13 250 173
34 -207 38 250 104
34 -147 53 250 77
34 -129 69 250 84
34 -132 76 250 84
34 -198 65 250 109
34 -182 102 250 120
34 12 89 250 152
34 111 121 250 125
34 -209 172 250 79
34 -202 171 250 79
34 -190 171 250 79
34 -184 168 250 79
34 -181 172 250 79
34 0 95 250 152
34 4 94 250 153
34 89 121 250 127
34 111 122 250 125
35 -216 39 250 98
35 101 18 250 175
35 -145 51 250 78
35 99 18 250 175
35 -129 69 250 84
35 100 24 250 174
35 -198 65 250 109
35 -132 76 250 84
35 -181 102 250 120
35 11 88 250 148
35 107 116 250 130
35 -187 168 250 79
35 0 97 250 151
35 59 137 250 112
35 80 116 250 132
35 107 117 250 130
36 -219 38 250 95
36 -146 50 250 79
36 103 21 250 174
36 -129 71 250 84
36 -129 76 250 84
36 -198 64 250 109
36 -138 78 250 84
36 -180 102 250 121
36 -208 170 250 80
36 -190 171 250 79
36 -187 168 250 79
36 -10 96 250 151
36 -8 96 250 151
36 -7 96 250 151
36 81 114 250 134
36 104 116 250 133
37 -134 43 250 76
37 106 21 250 172
37 -154 54 250 77
37 -154 54 250 77
37 106 26 250 173
37 106 25 250 173
37 -129 71 250 84
37 -129 76 250 84
37 -197 64 250 110
37 -138 78 250 84
37 -181 96 250 120
37 -212 175 250 77
37 -184 171 250 79
37 -26 101 250 147
37 -20 101 250 148
37 77 108 250 141
37 91 109 250 140
37 93 109 250 140
38 -220 24 250 84
38 -152 54 250 78
38 -129 69 250 84
38 108 29 250 172
38 -198 62 250 109
38 -137 79 250 83
38 -137 77 250 83
38 -181 100 250 120
38 -184 168 250 79
38 -29 106 250 142
38 -24 106 250 141
38 70 103 250 145
38 94 105 250 144
39 -214 16 250 75
39 -214 38 250 98
39 -153 54 250 78
39 101 35 250 145
39 -128 69 250 85
39 110 33 250 171
39 -195 63 250 111
39 -139 77 250 84
39 -181 102 250 120
39 88 95 250 146
39 -198 171 250 79
39 -190 171 250 79
39 -186 171 250 79
39 -31 113 250 134
39 -28 113 250 134
39 -25 113 250 134
39 64 95 250 155
39 90 100 250 148
40 120 14 250 103
40 -215 29 250 97
40 -147 51 250 78
40 -128 69 250 85
40 -198 65 250 109
40 -130 74 250 85
40 114 39 250 168
40 116 46 250 165
40 -181 102 250 120
40 -210 173 250 78
40 -186 171 250 79
40 -37 115 250 134
40 53 83 250 166
41 136 31 250 146
41 -130 75 250 85
41 -195 63 250 111
41 119 52 250 164
41 119 54 250 164
41 119 56 250 164
41 -181 101 250 120
41 -186 171 250 79
41 -186 168 250 79
41 -43 127 250 122
41 55 71 250 178
41 56 71 250 178
41 58 71 250 178
42 -146 51 250 77
42 -129 71 250 83
42 -129 77 250 83
42 -129 71 250 83
42 -195 63 250 111
42 -137 81 250 83
42 -137 77 250 83
42 119 55 250 165
42 -181 100 250 120
42 57 66 250 180
42 -202 168 250 79
42 -190 171 250 79
42 -186 171 250 79
42 -47 125 250 124
42 51 68 250 181
42 56 67 250 180
43 -215 30 250 98
43 -147 52 250 77
43 148 44 250 145
43 -132 76 250 84
43 -194 62 250 112
43 114 60 250 140
43 120 61 250 164
43 -183 102 250 119
43 -187 171 250 79
43 -48 129 250 121
43 48 66 250 182
44 -212 29 250 101
44 -138 49 250 79
44 -129 69 250 84
44 -132 76 250 84
44 -197 64 250 110
44 121 58 250 141
44 -184 102 250 119
44 -39 133 250 85
44 117 71 250 157
44 118 70 250 166
44 -187 172 250 78
44 -185 169 250 78
44 -181 172 250 78
44 -51 139 250 110
44 36 66 250 181
45 -147 51 250 78
45 42 45 250 89
45 -161 67 250 77
45 -129 69 250 84
45 -195 63 250 111
45 -134 77 250 83
45 140 63 250 141
45 -182 99 250 120
45 119 79 250 165
45 -198 171 250 79
45 -191 171 250 79
45 -186 171 250 79
45 -60 136 250 113
45 28 68 250 180
45 30 67 250 180
45 33 67 250 180
45 35 67 250 180
45 119 81 250 165
46 -138 49 250 79
46 -159 65 250 78
46 -197 63 250 110
46 -132 74 250 84
46 -182 99 250 120
46 -49 133 250 84
46 -186 171 250 79
46 -53 138 250 110
46 25 68 250 180
46 26 68 250 180
46 27 68 250 180
46 120 84 250 164
47 -224 31 250 91
47 -147 50 250 79
47 -129 71 250 83
47 -129 75 250 83
47 -129 71 250 83
47 -195 63 250 111
47 120 75 250 141
47 -184 102 250 119
47 -186 171 250 79
47 -60 141 250 107
47 17 69 250 179
47 18 69 250 179
47 20 69 250 179
47 124 94 250 155
48 -223 32 250 91
48 -154 53 250 79
48 -129 71 250 83
48 -129 76 250 83
48 -129 71 250 83
48 -192 61 250 114
48 23 53 250 152
48 118 80 250 143
48 -184 101 250 119
48 -187 172 250 78
48 -185 169 250 78
48 -181 172 250 78
48 -75 145 250 103
48 13 71 250 178
48 131 95 250 155
49 -214 23 250 89
49 -151 52 250 79
49 -145 50 250 79
49 -140 50 250 79
49 -129 71 250 83
49 -130 75 250 83
49 -130 71 250 83
49 -193 61 250 113
49 -182 99 250 120
49 -213 165 250 83
49 -187 171 250 79
49 -80 144 250 104
49 11 71 250 178
49 116 96 250 153
50 -218 24 250 84
50 -139 50 250 78
50 -170 63 250 76
50 -129 71 250 83
50 -130 76 250 83
50 -130 71 250 83
50 -191 60 250 115
50 -182 99 250 120
50 115 89 250 146
50 123 96 250 149
50 -209 173 250 79
50 -185 172 250 78
50 -182 172 250 78
50 -79 145 250 104
50 8 71 250 177
50 124 99 250 149
50 123 97 250 149
51 -211 15 250 78
51 -142 50 250 77
51 -128 71 250 84
51 -197 56 250 110
51 -129 71 250 84
51 -184 100 250 119
51 -184 168 250 79
51 -89 149 250 101
51 0 70 250 177
51 2 70 250 178
51 106 104 250 144
52 -153 54 250 78
52 -198 58 250 109
52 -129 71 250 84
52 -139 78 250 83
52 -184 99 250 119
52 105 102 250 139
52 0 67 250 178
52 -186 171 250 79
52 -84 149 250 99
52 0 69 250 178
52 0 68 250 178
52 2 69 250 178
52 3 69 250 178
52 101 108 250 141
53 -134 43 250 76
53 -148 51 250 78
53 28 48 250 134
53 -198 58 250 109
53 -128 71 250 84
53 -182 97 250 120
53 -51 157 250 86
53 102 109 250 135
53 -195 167 250 80
53 -181 173 250 78
53 -79 148 250 100
53 -51 161 250 86
53 1 68 250 180
53 96 113 250 135
53 99 113 250 135
53 101 111 250 135
54 -134 43 250 76
54 -148 53 250 77
54 -128 70 250 85
54 -198 61 250 109
54 -128 74 250 85
54 -181 95 250 120
54 103 122 250 98
54 7 64 250 181
54 -195 169 250 81
54 -184 171 250 79
54 -181 172 250 79
54 -78 144 250 106
54 5 66 250 181
54 6 66 250 181
54 8 65 250 181
54 81 128 250 121
54 111 132 250 119
55 -154 55 250 76
55 -150 54 250 76
55 -144 51 250 76
55 -198 58 250 109
55 -128 74 250 85
55 -128 71 250 85
55 -183 96 250 119
55 3 62 250 180
55 7 63 250 181
55 109 134 250 112
55 -201 168 250 83
55 -190 171 250 79
55 -184 171 250 79
55 -181 172 250 79
55 -80 147 250 103
55 -70 145 250 103
55 8 65 250 181
55 9 66 250 181
55 88 138 250 110
55 93 138 250 110
55 100 139 250 110
56 -149 53 250 77
56 -197 62 250 109
56 -127 71 250 86
56 -181 97 250 120
56 -55 138 250 89
56 6 60 250 180
56 8 60 250 180
56 10 60 250 180
56 12 60 250 180
56 -202 159 250 79
56 8 61 250 180
56 10 62 250 180
56 -208 173 250 79
56 -201 169 250 79
56 -190 171 250 79
56 -186 171 250 79
56 -73 147 250 102
56 -57 148 250 100
56 9 65 250 180
56 83 147 250 103
56 87 146 250 103
56 93 145 250 103
57 -148 51 250 77
57 -127 70 250 85
57 -197 56 250 110
57 -128 70 250 85
57 -140 79 250 84
57 -183 96 250 119
57 11 57 250 181
57 -186 171 250 79
57 -71 148 250 101
57 91 156 250 93
57 106 155 250 95
58 -153 53 250 78
58 -128 70 250 85
58 16 40 250 151
58 -128 74 250 85
58 -194 62 250 112
58 -183 97 250 119
58 -47 139 250 89
58 13 58 250 182
58 -187 164 250 78
58 12 59 250 182
58 12 58 250 182
58 -199 169 250 78
58 -187 169 250 78
58 -74 146 250 102
58 -70 146 250 102
58 -67 146 250 102
59 -134 43 250 77
59 -146 50 250 79
59 -198 64 250 109
59 -128 76 250 84
59 -129 71 250 84
59 -139 78 250 84
59 -183 98 250 119
59 22 56 250 180
59 16 58 250 181
59 17 60 250 181
59 20 58 250 181
59 21 58 250 181
59 -186 171 250 79
59 -66 145 250 103
60 -205 44 250 105
60 -146 50 250 79
60 -128 70 250 85
60 -128 74 250 85
60 -194 62 250 112
60 -183 96 250 119
60 20 61 250 180
60 20 61 250 180
60 23 62 250 180
60 23 64 250 180
60 -186 171 250 79
60 -66 144 250 104
60 23 65 250 180
61 -209 37 250 104
61 -134 43 250 77
61 -208 40 250 104
61 -153 53 250 78
61 -128 70 250 85
61 -128 74 250 85
61 -194 62 250 112
61 -183 98 250 119
61 -56 132 250 86
61 32 60 250 180
61 -210 174 250 78
61 -186 171 250 79
61 -66 139 250 109
61 35 67 250 180
62 -208 39 250 104
62 -154 54 250 77
62 -149 53 250 77
62 -143 51 250 77
62 -128 74 250 85
62 -128 72 250 85
62 -196 63 250 111
62 -183 96 250 119
62 -56 132 250 86
62 37 62 250 179
62 38 62 250 179
62 39 62 250 179
62 36 63 250 179
62 38 63 250 179
62 -215 170 250 81
62 -208 170 250 80
62 -181 172 250 78
62 -70 139 250 109
62 36 66 250 179
63 -134 43 250 76
63 -149 53 250 77
63 -127 70 250 85
63 34 41 250 154
63 -197 63 250 110
63 -128 75 250 85
63 -128 70 250 85
63 24 45 250 161
63 49 58 250 166
63 -183 96 250 119
63 -57 133 250 85
63 47 63 250 177
63 42 65 250 178
63 -199 169 250 78
63 -191 172 250 78
63 -185 169 250 78
63 -181 172 250 78
63 -67 138 250 110
63 48 70 250 177
64 -217 38 250 97
64 -149 53 250 77
64 38 43 250 146
64 -127 71 250 86
64 33 46 250 147
64 -195 62 250 112
64 -183 96 250 119
64 -57 133 250 85
64 -186 171 250 79
64 -183 171 250 79
64 -180 172 250 79
64 -85 139 250 110
64 -73 137 250 111
64 48 70 250 177
65 -154 53 250 78
65 -128 70 250 85
65 -193 61 250 113
65 -139 79 250 84
65 49 52 250 151
65 31 61 250 153
65 32 59 250 153
65 -183 98 250 119
65 55 70 250 176
65 -186 171 250 79
65 -85 131 250 119
65 49 74 250 175
65 51 74 250 175
66 -190 35 250 78
66 -201 38 250 109
66 -154 53 250 77
66 -154 54 250 77
66 -128 70 250 85
66 -197 56 250 110
66 -128 74 250 85
66 -183 98 250 119
66 52 76 250 171
66 -187 171 250 79
66 -181 173 250 78
66 -87 132 250 118
66 51 78 250 171
66 51 77 250 171
67 -205 36 250 105
67 -154 53 250 77
67 -128 70 250 85
67 -196 56 250 111
67 -128 74 250 85
67 -181 97 250 120
67 41 76 250 159
67 -187 171 250 79
67 -89 133 250 115
67 -77 133 250 116
67 49 80 250 169
68 -211 29 250 91
68 -128 70 250 85
68 -196 56 250 111
68 -128 74 250 85
68 -181 97 250 120
68 47 77 250 160
68 -202 164 250 83
68 -186 171 250 79
68 -87 129 250 119
68 56 89 250 160
68 60 88 250 161
69 -154 53 250 77
69 -128 70 250 85
69 -196 56 250 111
69 -128 74 250 85
69 -183 96 250 119
69 66 73 250 151
69 68 79 250 156
69 55 77 250 161
69 63 86 250 158
69 -184 171 250 79
69 -181 172 250 79
69 -85 127 250 121
69 -82 127 250 121
69 -78 128 250 121
69 48 91 250 159
69 64 88 250 158
70 -210 30 250 101
70 -154 53 250 77
70 -128 70 250 85
70 -197 56 250 110
70 -128 74 250 85
70 72 74 250 150
70 -183 98 250 119
70 60 77 250 151
70 71 78 250 157
70 39 99 250 146
70 68 84 250 158
70 70 84 250 158
70 71 83 250 158
70 -181 172 250 79
70 -82 121 250 129
71 -154 53 250 77
71 -154 54 250 77
71 -128 70 250 85
71 -196 56 250 111
71 -128 74 250 85
71 -183 98 250 119
71 76 77 250 159
71 72 82 250 159
71 75 83 250 160
71 -186 171 250 79
71 -74 112 250 136
71 54 93 250 156
71 75 86 250 160
72 -154 53 250 77
72 -197 56 250 110
72 -132 74 250 84
72 -183 99 250 119
72 74 76 250 158
72 80 78 250 157
72 66 84 250 163
72 76 84 250 160
72 -186 171 250 79
72 -184 168 250 79
72 -181 172 250 79
72 -67 106 250 143
72 81 88 250 160
73 -154 53 250 77
73 -154 54 250 77
73 -129 71 250 84
73 -198 56 250 110
73 -129 74 250 84
73 81 66 250 155
73 -183 98 250 119
73 76 70 250 159
73 90 82 250 163
73 -186 171 250 79
73 -184 171 250 79
73 -181 171 250 79
73 -65 100 250 148
73 84 86 250 163
73 85 86 250 163
73 89 85 250 163
73 90 84 250 163
74 -154 54 250 77
74 -154 55 250 77
74 -128 69 250 84
74 -197 56 250 110
74 98 66 250 145
74 -183 98 250 119
74 95 76 250 160
74 -207 171 250 80
74 -191 171 250 79
74 -184 171 250 79
74 -181 172 250 79
74 -61 99 250 148
74 98 81 250 168
75 -216 39 250 97
75 -128 69 250 85
75 -130 73 250 85
75 -193 61 250 113
75 -56 87 250 87
75 -56 78 250 141
75 102 69 250 153
75 105 70 250 153
75 107 70 250 153
75 -183 98 250 119
75 -58 85 250 142
75 -58 84 250 142
75 106 76 250 164
75 106 78 250 164
75 118 78 250 163
75 -185 164 250 78
75 -58 100 250 138
75 -216 172 250 80
75 -209 172 250 79
75 -185 169 250 78
75 -181 172 250 78
75 109 82 250 167
75 111 82 250 167
75 112 82 250 167
76 -207 36 250 105
76 -154 54 250 77
76 -129 69 250 84
76 -194 62 250 112
76 -183 98 250 119
76 -59 83 250 142
76 104 74 250 155
76 -57 91 250 141
76 117 78 250 164
76 -209 171 250 79
76 -186 171 250 79
76 -184 171 250 79
76 -181 171 250 79
76 114 82 250 167
77 -191 35 250 78
77 -206 42 250 105
77 -154 54 250 77
77 -128 69 250 84
77 -194 63 250 112
77 -139 79 250 82
77 -139 78 250 82
77 -61 73 250 140
77 -183 98 250 119
77 -65 81 250 140
77 120 76 250 159
77 -209 172 250 79
77 -186 171 250 79
77 -184 171 250 79
77 -181 171 250 79
77 108 86 250 162
77 118 83 250 165
78 -204 34 250 107
78 -154 53 250 78
78 -129 69 250 84
78 -197 63 250 110
78 -64 63 250 144
78 -68 70 250 145
78 -183 98 250 119
78 124 79 250 156
78 125 85 250 159
78 -198 171 250 79
78 -184 171 250 79
78 121 89 250 159
78 124 88 250 159
78 125 87 250 159
79 -136 43 250 77
79 -203 40 250 107
79 -154 53 250 77
79 -154 54 250 77
79 -194 63 250 112
79 -67 51 250 145
79 -75 64 250 141
79 137 74 250 151
79 -183 99 250 119
79 128 81 250 155
79 133 81 250 155
79 -187 169 250 78
79 -185 169 250 78
79 -182 173 250 78
79 95 120 250 129
80 -137 43 250 77
80 -201 40 250 109
80 -67 46 250 145
80 -194 63 250 112
80 151 74 250 121
80 -184 99 250 119
80 -198 169 250 78
80 -184 172 250 79
80 65 133 250 115
80 92 112 250 137
80 136 97 250 152
81 -216 38 250 98
81 -155 53 250 78
81 -195 63 250 111
81 -69 45 250 149
81 -75 50 250 149
81 -183 99 250 119
81 151 84 250 145
81 -187 168 250 79
81 87 108 250 140
81 95 107 250 141
81 137 98 250 150
82 -209 23 250 93
82 -155 53 250 78
82 -64 43 250 151
82 -195 63 250 111
82 -66 47 250 152
82 152 105 250 107
82 -183 98 250 119
82 174 94 250 129
82 172 110 250 127
82 -191 171 250 79
82 -186 171 250 79
82 82 93 250 157
82 162 128 250 122
83 -154 53 250 78
83 -63 42 250 151
83 -195 63 250 111
83 -62 48 250 150
83 -183 98 250 119
83 175 114 250 127
83 -219 170 250 78
83 -186 171 250 79
83 -184 171 250 79
83 -181 172 250 79
83 79 83 250 166
84 -210 22 250 91
84 -135 43 250 78
84 -153 53 250 78
84 -147 51 250 78
84 -61 39 250 150
84 -195 63 250 112
84 -183 98 250 119
84 163 112 250 122
84 -181 172 250 79
84 78 76 250 173
84 174 121 250 130
85 -70 19 250 122
85 -205 38 250 105
85 -153 53 250 78
85 -61 32 250 149
85 -194 62 250 112
85 -183 98 250 119
85 81 64 250 175
85 81 65 250 175
85 -198 168 250 79
85 -190 168 250 79
85 -187 171 250 79
86 -62 26 250 149
86 86 42 250 114
86 -195 63 250 112
86 -183 98 250 119
86 80 59 250 175
86 211 124 250 105
86 -219 170 250 79
86 -202 171 250 79
86 -184 171 250 79
86 193 134 250 116
87 -62 22 250 148
87 -66 23 250 148
87 -195 63 250 112
87 81 47 250 175
87 81 48 250 175
87 -183 98 250 119
87 78 55 250 172
87 80 59 250 173
87 -186 171 250 79
87 185 128 250 123
88 -68 16 250 146
88 -63 15 250 145
88 -217 39 250 96
88 -68 31 250 129
88 -128 69 250 84
88 -132 74 250 84
88 79 34 250 174
88 -195 63 250 111
88 79 35 250 174
88 -183 98 250 119
88 217 152 250 93
88 -194 167 250 80
88 -194 170 250 80
88 -181 172 250 79
88 200 158 250 91
88 213 158 250 91
89 -211 22 250 91
89 -65 14 250 142
89 80 26 250 173
89 -162 66 250 78
89 -125 69 250 85
89 79 27 250 173
89 79 26 250 173
89 -130 74 250 85
89 -194 62 250 112
89 77 33 250 173
89 -183 99 250 119
89 215 165 250 77
89 -208 162 250 87
89 -186 171 250 79
89 208 174 250 76
89 214 169 250 77
90 -65 14 250 142
90 78 13 250 171
90 78 16 250 171
90 79 14 250 171
90 80 15 250 171
90 78 17 250 171
90 80 16 250 171
90 78 18 250 171
90 79 18 250 171
90 80 18 250 171
90 -68 35 250 125
90 -125 70 250 84
90 76 25 250 170
90 -128 76 250 84
90 -129 71 250 84
90 -195 63 250 111
90 -139 78 250 84
90 -184 99 250 119
90 -186 171 250 79
91 78 8 250 173
91 78 9 250 173
91 -212 28 250 101
91 -61 16 250 143
91 -154 53 250 77
91 77 16 250 172
91 -129 74 250 84
91 -129 71 250 84
91 -195 63 250 111
91 -183 99 250 119
91 -206 152 250 81
91 -190 171 250 79
91 -184 171 250 79
91 -181 172 250 79
92 76 2 250 151
92 -208 14 250 84
92 -224 31 250 91
92 -61 19 250 143
92 -154 53 250 78
92 -131 76 250 84
92 -194 63 250 112
92 -182 98 250 120
92 -219 171 250 78
92 -215 174 250 78
92 -186 171 250 79
92 -184 171 250 79
92 -181 172 250 79
93 -206 14 250 83
93 -206 13 250 83
93 -56 23 250 144
93 -59 25 250 144
93 -196 65 250 110
93 -140 77 250 83
93 -184 100 250 119
93 -221 166 250 85
93 -186 171 250 79
93 -184 168 250 79
93 -181 172 250 79
94 -213 15 250 80
94 -210 39 250 103
94 -58 27 250 148
94 -61 29 250 148
94 -198 65 250 109
94 -184 100 250 119
94 -186 171 250 79
95 -214 23 250 88
95 -55 21 250 110
95 -153 53 250 78
95 -62 40 250 146
95 -62 39 250 146
95 -197 64 250 110
95 -51 45 250 146
95 -183 99 250 119
95 -186 171 250 79
96 -153 53 250 78
96 -197 64 250 110
96 -52 52 250 146
96 -185 100 250 118
96 -205 162 250 81
96 -205 166 250 81
96 -181 173 250 78
97 -136 42 250 78
97 -153 53 250 78
97 -130 73 250 85
97 -197 64 250 110
97 -56 56 250 149
97 -183 96 250 119
97 -218 168 250 79
97 -214 173 250 79
97 -202 168 250 79
97 -190 171 250 79
97 -187 171 250 79
98 -136 42 250 78
98 -153 53 250 78
98 -128 74 250 85
98 -196 63 250 111
98 -43 60 250 145
98 -58 62 250 149
98 -183 96 250 119
98 -46 68 250 146
98 -213 165 250 82
98 -184 168 250 79
98 -181 172 250 79
99 -136 42 250 78
99 -154 52 250 79
99 -128 70 250 85
99 -128 74 250 85
99 -197 64 250 110
99 -42 68 250 146
99 -55 72 250 144
99 -185 101 250 118
99 -40 73 250 146
99 -211 175 250 77
99 -186 171 250 79
99 -184 171 250 79
99 -181 172 250 79
100 -191 35 250 77
100 -216 38 250 97
100 -151 51 250 79
100 -151 51 250 79
100 -127 70 250 85
100 -197 64 250 110
100 -140 78 250 84
100 -35 71 250 144
100 -27 70 250 143
100 -41 74 250 144
100 -38 71 250 144
100 -185 101 250 118
100 -30 75 250 144
100 -196 167 250 80
100 -186 171 250 79
101 -135 42 250 78
101 -153 53 250 78
101 -128 70 250 85
101 -197 64 250 110
101 -30 71 250 142
101 -27 72 250 142
101 -23 72 250 142
101 -21 72 250 142
101 -185 101 250 118
101 -24 75 250 145
101 -200 167 250 84
102 -154 53 250 78
102 -129 71 250 83
102 -129 75 250 83
102 -129 71 250 83
102 -197 64 250 110
102 -10 72 250 146
102 -183 98 250 119
102 -181 172 250 79
103 -153 53 250 78
103 -127 69 250 85
103 -197 64 250 110
103 -183 96 250 119
103 -6 81 250 150
103 -3 81 250 150
103 -1 81 250 150
103 -216 163 250 87
103 -181 173 250 78
104 -192 35 250 77
104 -153 53 250 78
104 -128 70 250 85
104 -128 73 250 85
104 -197 64 250 110
104 -183 99 250 119
104 -1 81 250 152
104 1 81 250 151
104 -212 165 250 82
104 -213 168 250 82
104 -181 173 250 78
105 -190 35 250 78
105 -153 53 250 78
105 -128 69 250 85
105 -197 64 250 110
105 -185 100 250 118
105 4 93 250 147
105 18 92 250 150
105 18 88 250 150
105 -186 171 250 79
105 -184 171 250 79
105 -181 172 250 79
105 12 94 250 150
106 -191 35 250 77
106 -153 53 250 78
106 -202 51 250 106
106 -128 70 250 85
106 -197 64 250 110
106 -185 101 250 118
106 -211 171 250 77
106 -186 171 250 79
106 -184 171 250 79
106 -181 172 250 79
106 22 98 250 150
107 -213 31 250 89
107 -153 53 250 78
107 -165 66 250 78
107 -128 70 250 85
107 -197 64 250 110
107 -183 98 250 119
107 -216 167 250 80
107 -216 173 250 80
107 -184 168 250 79
107 -181 172 250 79
107 33 95 250 152
108 -222 40 250 93
108 -147 51 250 78
108 -128 70 250 85
108 -128 73 250 85
108 -198 64 250 109
108 -185 100 250 118
108 -187 171 250 79
108 49 96 250 152
109 -128 70 250 85
109 -128 73 250 85
109 -197 64 250 110
109 -185 101 250 118
109 -181 173 250 78
109 55 98 250 150
110 -128 70 250 85
110 -128 74 250 85
110 -197 64 250 110
110 -183 96 250 119
110 65 95 250 151
110 -219 165 250 86
110 -186 171 250 79
110 65 96 250 151
111 -148 52 250 78
111 -128 70 250 85
111 -128 73 250 85
111 -197 64 250 110
111 -183 99 250 119
111 72 96 250 150
111 -186 171 250 79
111 72 97 250 150
112 -146 51 250 79
112 -128 70 250 85
112 -128 73 250 85
112 -195 62 250 111
112 -183 100 250 119
112 92 96 250 151
112 -191 171 250 79
112 -184 171 250 79
112 -181 172 250 79
112 92 97 250 151
113 -153 54 250 78
113 -127 68 250 86
113 -196 62 250 111
113 90 87 250 134
113 -183 100 250 119
113 -203 169 250 82
113 -190 171 250 79
113 -186 171 250 79
113 96 100 250 148
114 -219 40 250 95
114 -128 70 250 85
114 -128 74 250 85
114 -198 64 250 109
114 -183 99 250 119
114 102 98 250 147
114 -198 171 250 79
114 -190 171 250 79
114 -186 171 250 79
115 -191 35 250 77
115 -144 51 250 78
115 -130 73 250 86
115 -197 64 250 110
115 -181 98 250 120
115 112 101 250 143
115 -186 171 250 79
115 -184 171 250 79
115 -181 172 250 79
115 112 103 250 143
116 -128 70 250 85
116 -128 73 250 85
116 -197 64 250 110
116 -183 100 250 119
116 117 105 250 139
116 -186 171 250 79
116 117 107 250 139
117 -145 51 250 79
117 -128 69 250 85
117 -131 74 250 85
117 -197 64 250 110
117 -183 96 250 119
117 126 103 250 135
117 -187 171 250 79
117 123 111 250 138
118 -221 40 250 94
118 -148 52 250 78
118 -128 69 250 85
118 -131 76 250 85
118 -197 64 250 110
118 -133 76 250 85
118 -185 101 250 118
118 131 107 250 137
118 -186 171 250 79
118 131 109 250 137
119 -208 23 250 87
119 -145 51 250 78
119 -128 69 250 85
119 -131 75 250 85
119 -197 64 250 110
119 -183 99 250 119
119 142 106 250 138
119 -186 171 250 79
119 -184 171 250 79
119 -181 172 250 79
119 142 111 250 138
119 141 109 250 138
120 -222 41 250 93
120 -144 51 250 78
120 -128 70 250 85
120 -128 76 250 85
120 -198 64 250 109
120 -134 76 250 85
120 -183 99 250 119
120 145 106 250 118
120 -209 165 250 85
120 -186 171 250 79
120 154 115 250 134
121 -217 38 250 97
121 -144 51 250 78
121 -127 70 250 85
121 -128 73 250 85
121 -197 64 250 110
121 -183 99 250 119
121 162 102 250 129
121 -204 170 250 81
121 -184 168 250 79
121 -181 172 250 79
121 157 118 250 132
121 160 118 250 132
121 163 117 250 132
122 -190 35 250 78
122 -129 73 250 86
122 -197 64 250 110
122 -185 101 250 118
122 174 94 250 130
122 169 104 250 130
122 -212 165 250 82
122 -212 169 250 82
122 -187 168 250 79
123 -191 35 250 78
123 -219 40 250 96
123 -158 66 250 79
123 -128 69 250 85
123 -131 74 250 85
123 -197 64 250 110
123 169 86 250 134
123 -185 101 250 118
123 175 121 250 123
123 -208 161 250 86
123 -181 173 250 78
123 173 123 250 123
123 179 125 250 125
124 -148 53 250 77
124 -128 70 250 85
124 -128 73 250 85
124 -197 64 250 110
124 187 89 250 120
124 -187 102 250 117
124 182 97 250 124
124 -209 173 250 79
124 -202 171 250 79
124 -190 171 250 79
124 -186 171 250 79
124 182 126 250 124
125 -218 32 250 84
125 -145 51 250 78
125 -128 75 250 85
125 -128 71 250 85
125 -197 64 250 110
125 -183 96 250 119
125 184 100 250 122
125 -186 171 250 79
125 -187 168 250 79
126 -213 32 250 89
126 -144 51 250 78
126 -132 77 250 84
126 -197 64 250 110
126 -134 77 250 84
126 -181 98 250 120
126 196 105 250 114
126 -217 163 250 83
126 -184 171 250 79
126 -181 172 250 79
126 61 171 250 81
126 87 166 250 82
127 -210 30 250 91
127 -128 70 250 85
127 -128 73 250 85
127 -197 64 250 110
127 -181 98 250 120
127 202 106 250 110
127 -186 171 250 79
127 51 160 250 92
127 84 157 250 91
127 88 158 250 91
127 91 158 250 91
128 -207 24 250 88
128 -127 70 250 85
128 -128 73 250 85
128 -197 64 250 110
128 -183 96 250 119
128 207 102 250 107
128 212 115 250 104
128 -211 175 250 77
128 -184 171 250 79
128 69 144 250 104
128 94 150 250 99
129 -219 24 250 77
129 -127 68 250 86
129 -198 64 250 109
129 -133 76 250 85
129 223 83 250 101
129 215 95 250 101
129 -181 96 250 120
129 -184 164 250 78
129 -187 172 250 78
129 -185 169 250 78
129 -182 173 250 78
129 67 115 250 134
129 92 124 250 126
130 -211 32 250 90
130 -159 66 250 79
130 -127 69 250 86
130 239 74 250 91
130 -196 63 250 111
130 -133 76 250 85
130 231 86 250 95
130 -181 97 250 120
130 96 111 250 136
130 -206 168 250 80
130 -198 171 250 79
130 70 109 250 139
130 72 109 250 139
130 74 109 250 139
130 94 114 250 136
130 95 112 250 136
131 -211 31 250 91
131 -147 51 250 78
131 -159 66 250 79
131 -129 69 250 84
131 -196 63 250 111
131 -133 78 250 85
131 223 83 250 96
131 -181 96 250 120
131 94 100 250 146
131 -185 169 250 78
131 -181 173 250 78
131 75 101 250 147
131 77 101 250 147
131 81 101 250 147
131 93 101 250 146
132 -144 51 250 78
132 249 50 250 84
132 -128 71 250 84
132 241 77 250 88
132 -197 64 250 110
132 -133 78 250 85
132 241 81 250 88
132 241 77 250 88
132 -181 96 250 120
132 -187 171 250 79
132 -181 172 250 78
132 62 77 250 172
133 -145 51 250 78
133 -129 71 250 83
133 238 60 250 89
133 -130 76 250 83
133 -130 71 250 83
133 -198 64 250 109
133 -140 77 250 83
133 239 83 250 88
133 -181 96 250 120
133 -187 163 250 79
133 -207 170 250 80
133 -184 168 250 79
133 -181 172 250 79
133 59 70 250 179
134 -191 34 250 77
134 240 50 250 83
134 247 57 250 85
134 -128 70 250 85
134 245 64 250 85
134 -128 74 250 85
134 -198 64 250 109
134 249 76 250 85
134 -181 98 250 120
134 59 62 250 179
134 60 60 250 179
134 -184 163 250 79
134 54 62 250 180
134 -209 164 250 86
134 -186 168 250 79
134 59 68 250 180
135 255 34 250 77
135 239 46 250 84
135 -128 69 250 85
135 -199 65 250 108
135 -130 74 250 85
135 -181 97 250 120
135 53 52 250 181
135 54 51 250 181
135 56 51 250 181
135 54 56 250 181
135 -190 158 250 79
135 -187 163 250 79
135 -214 165 250 82
135 -187 168 250 79
136 246 32 250 80
136 237 35 250 82
136 -143 50 250 79
136 260 50 250 78
136 -128 70 250 85
136 -198 65 250 109
136 -128 73 250 85
136 55 32 250 180
136 55 34 250 180
136 51 36 250 181
136 55 35 250 180
136 -183 99 250 119
136 -186 171 250 79
137 257 14 250 79
137 246 23 250 81
137 254 23 250 80
137 -143 50 250 79
137 54 22 250 178
137 54 27 250 179
137 -131 75 250 85
137 54 29 250 179
137 -196 63 250 111
137 52 30 250 179
137 -183 99 250 119
137 -207 171 250 80
137 -198 171 250 79
137 -181 172 250 78
138 55 15 250 178
138 57 16 250 178
138 57 17 250 178
138 55 17 250 178
138 54 23 250 177
138 -129 77 250 84
138 -129 72 250 84
138 -197 64 250 110
138 -134 77 250 84
138 -184 99 250 119
138 -207 159 250 79
138 -217 174 250 79
138 -212 170 250 79
138 -202 168 250 79
138 -190 171 250 79
138 -186 171 250 79
139 65 4 250 171
139 68 5 250 172
139 -143 50 250 79
139 -131 75 250 85
139 -195 62 250 112
139 215 68 250 103
139 -183 99 250 119
139 -186 171 250 79
139 -184 171 250 79
139 -181 172 250 79
140 63 1 250 157
140 75 3 250 158
140 -128 76 250 85
140 -128 72 250 85
140 -194 62 250 112
140 -133 76 250 85
140 -183 100 250 119
140 -204 169 250 82
140 -181 172 250 79
141 61 1 250 151
141 59 1 250 151
141 -127 70 250 85
141 -194 62 250 112
141 -132 77 250 86
141 -183 99 250 119
141 -207 171 250 80
141 -184 168 250 79
141 -181 172 250 79
142 -130 75 250 86
142 -194 62 250 112
142 -183 98 250 119
142 -202 158 250 79
142 -209 172 250 79
142 -202 168 250 79
142 -190 171 250 79
142 -186 171 250 79
143 -128 75 250 87
143 -194 62 250 112
143 -183 98 250 119
143 -186 171 250 79
143 -184 171 250 79
143 -181 172 250 79
144 -128 75 250 87
144 -194 62 250 112
144 -183 100 250 119
144 -184 171 250 79
144 -181 172 250 79
145 -128 75 250 87
145 -194 62 250 112
145 -183 99 250 119
145 -203 167 250 83
145 -181 172 250 79
146 -128 75 250 87
146 -194 62 250 112
146 -183 99 250 119
146 -209 171 250 79
146 -202 171 250 79
146 -190 171 250 79
146 -187 171 250 79
147 -128 75 250 87
147 -195 63 250 111
147 -183 99 250 119
147 -203 164 250 83
147 -184 171 250 79
147 -181 172 250 79
148 -128 75 250 87
148 -195 62 250 112
148 -183 100 250 119
148 -197 165 250 86
148 -186 171 250 79
149 -128 73 250 87
149 -195 62 250 112
149 -183 100 250 119
149 -211 175 250 77
149 -184 171 250 79
150 -127 75 250 86
150 -127 72 250 86
150 -195 63 250 111
150 -183 100 250 119
150 -186 171 250 79
151 -127 75 250 87
151 -127 71 250 87
151 -195 63 250 111
151 -183 98 250 119
151 -198 171 250 79
151 -190 171 250 79
151 -186 171 250 79
152 -211 32 250 91
152 -191 35 250 77
152 -128 75 250 87
152 -197 64 250 110
152 -183 98 250 119
152 -186 171 250 79
153 -215 33 250 87
153 -128 75 250 87
153 -197 64 250 110
153 -184 99 250 119
153 -205 168 250 82
153 -190 170 250 80
153 -181 172 250 79
154 -127 73 250 87
154 -126 71 250 87
154 -195 63 250 111
154 -183 98 250 119
154 -184 163 250 79
154 -210 174 250 78
154 -186 171 250 79
154 -184 168 250 79
154 -181 172 250 79
155 -127 73 250 87
155 -126 71 250 87
155 -194 63 250 112
155 -184 100 250 119
155 -205 168 250 82
155 -186 171 250 79
156 -128 75 250 87
156 -195 63 250 111
156 -183 98 250 119
156 -206 158 250 81
156 -206 166 250 81
156 -187 168 250 79
157 -190 35 250 78
157 -129 75 250 86
157 -197 64 250 110
157 -183 98 250 119
157 -203 156 250 83
157 -184 171 250 79
157 -181 172 250 79
158 -215 31 250 87
158 -127 74 250 86
158 -127 71 250 86
158 -197 64 250 110
158 -184 100 250 119
158 -208 173 250 79
158 -202 168 250 79
158 -190 171 250 79
158 -186 171 250 79
159 -128 74 250 87
159 -197 64 250 110
159 -184 100 250 119
159 -207 164 250 86
159 -181 173 250 78
160 -127 75 250 86
160 -127 72 250 86
160 -197 65 250 110
160 -184 100 250 119
160 -184 163 250 79
160 -215 165 250 82
160 -190 171 250 79
160 -184 168 250 79
160 -181 172 250 79
161 -212 31 250 90
161 -128 75 250 86
161 -127 72 250 86
161 -195 63 250 111
161 -183 99 250 119
161 -184 171 250 79
162 -197 65 250 109
162 -128 75 250 86
162 -127 72 250 86
162 -183 98 250 119
162 -208 173 250 79
162 -201 169 250 79
162 -190 171 250 79
162 -186 171 250 79
163 -127 71 250 86
163 -198 64 250 109
163 -183 98 250 119
163 -186 171 250 79
163 -184 171 250 79
163 -181 172 250 79
164 -219 39 250 95
164 -128 76 250 86
164 -127 71 250 86
164 -197 64 250 110
164 -132 76 250 86
164 -183 98 250 119
164 -197 168 250 79
164 -190 171 250 79
164 -184 171 250 79
164 -181 172 250 79
165 -164 67 250 77
165 -127 71 250 86
165 -196 63 250 111
165 -183 99 250 119
165 -187 171 250 79
166 -213 23 250 83
166 -129 73 250 86
166 -195 63 250 112
166 -183 99 250 119
166 -185 164 250 78
166 -210 171 250 78
166 -187 172 250 78
166 -185 169 250 78
166 -181 172 250 78
167 140 6 250 109
167 -191 35 250 78
167 -222 40 250 94
167 -128 73 250 86
167 -128 71 250 86
167 -197 64 250 110
167 -183 99 250 119
167 -186 171 250 79
167 -184 171 250 79
167 -181 172 250 79
168 133 4 250 98
168 93 4 250 176
168 -191 35 250 77
168 -131 74 250 86
168 -197 65 250 110
168 -183 99 250 119
168 -209 170 250 78
168 -186 171 250 79
168 -184 171 250 79
168 -181 172 250 79
169 92 2 250 137
169 92 6 250 174
169 92 7 250 174
169 152 14 250 145
169 -218 32 250 84
169 92 10 250 174
169 92 9 250 174
169 90 12 250 174
169 -145 52 250 77
169 86 17 250 166
169 -128 74 250 87
169 -197 64 250 110
169 -183 99 250 119
169 -196 167 250 80
169 -184 168 250 79
169 -181 172 250 79
170 89 3 250 161
170 149 20 250 147
170 79 18 250 175
170 79 20 250 175
170 81 21 250 175
170 153 30 250 144
170 -128 75 250 86
170 -128 71 250 86
170 -197 64 250 110
170 -184 100 250 119
170 -198 169 250 78
170 -185 169 250 78
170 -181 173 250 78
171 143 4 250 146
171 150 22 250 145
171 77 23 250 176
171 78 22 250 176
171 79 23 250 176
171 -128 73 250 86
171 -128 71 250 86
171 75 28 250 175
171 -195 63 250 111
171 -183 99 250 119
171 -204 170 250 81
171 -186 171 250 79
172 127 1 250 156
172 -209 31 250 93
172 -221 40 250 93
172 150 28 250 146
172 -128 70 250 85
172 75 26 250 177
172 75 27 250 177
172 -128 74 250 85
172 -195 63 250 111
172 72 31 250 177
172 -181 98 250 120
172 -199 163 250 85
172 -181 172 250 79
173 100 2 250 137
173 123 10 250 162
173 -128 70 250 85
173 -128 74 250 85
173 -197 64 250 110
173 70 36 250 175
173 70 37 250 175
173 71 39 250 175
173 68 41 250 174
173 69 40 250 175
173 -183 99 250 119
173 -198 171 250 79
173 -191 171 250 79
173 -186 171 250 79
174 -215 24 250 87
174 122 16 250 163
174 -146 53 250 77
174 -130 73 250 86
174 -197 64 250 110
174 68 43 250 175
174 67 48 250 175
174 -183 99 250 119
174 -209 172 250 79
174 -186 171 250 79
174 -184 171 250 79
174 -181 172 250 79
175 121 21 250 163
175 -128 69 250 85
175 -130 74 250 85
175 70 50 250 121
175 -197 64 250 110
175 68 50 250 174
175 69 48 250 174
175 71 47 250 174
175 -183 99 250 119
175 67 53 250 175
175 -213 164 250 83
175 -190 171 250 79
175 -186 171 250 79
176 -211 31 250 90
176 121 26 250 163
176 -128 69 250 85
176 -197 64 250 110
176 74 52 250 175
176 -183 99 250 119
176 74 57 250 174
176 -190 171 250 79
176 -186 171 250 79
177 -214 38 250 99
177 106 29 250 145
177 108 29 250 145
177 -128 70 250 85
177 -128 74 250 85
177 121 35 250 163
177 -197 65 250 110
177 -183 99 250 119
177 75 64 250 177
177 75 60 250 177
177 72 63 250 177
177 -187 169 250 78
177 -185 169 250 78
177 -181 173 250 78
178 -217 24 250 79
178 -219 31 250 84
178 -128 70 250 85
178 -128 74 250 85
178 121 38 250 163
178 -197 64 250 110
178 -183 100 250 119
178 76 62 250 176
178 73 63 250 176
178 75 63 250 176
178 76 63 250 176
178 75 66 250 176
178 -184 171 250 79
178 76 70 250 176
179 -215 32 250 87
179 -128 69 250 85
179 -130 74 250 85
179 -197 64 250 110
179 119 40 250 164
179 122 49 250 158
179 -183 100 250 119
179 73 69 250 176
179 74 69 250 176
179 76 68 250 176
179 -187 169 250 78
179 -185 169 250 78
179 -182 173 250 78
179 73 70 250 176
179 76 70 250 176
180 168 24 250 133
180 -128 70 250 85
180 -128 73 250 85
180 -197 65 250 110
180 117 46 250 166
180 -183 99 250 119
180 -182 164 250 78
180 -203 169 250 82
180 -182 169 250 78
180 70 73 250 175
180 72 72 250 176
181 -128 70 165 2
181 -128 73 165 1
181 -198 65 141 1
181 133 44 92 1
181 118 48 89 1
181 -183 99 131 1
181 -184 163 171 1
181 -186 171 171 1
181 -184 168 171 1
181 -181 172 171 1
181 68 74 76 1
181 69 74 76 1
181 70 74 76 1
182 -210 33 250 102
182 -160 65 250 79
182 -128 69 250 85
182 -130 73 250 85
182 -197 65 250 110
182 121 50 250 161
182 -184 100 250 119
182 -210 173 250 78
182 -186 171 250 79
182 -184 171 250 79
182 -181 172 250 79
182 64 76 250 172
183 158 37 250 140
183 -128 69 250 85
183 -130 73 250 85
183 -197 65 250 110
183 67 67 250 160
183 117 57 250 162
183 120 57 250 163
183 -183 99 250 119
183 -186 171 250 79
183 61 77 250 171
183 64 76 250 172
184 -224 40 250 91
184 156 32 250 141
184 -161 66 250 79
184 -128 70 250 85
184 -128 74 250 85
184 -197 65 250 110
184 63 60 250 156
184 121 58 250 155
184 126 60 250 155
184 135 56 250 156
184 53 64 250 164
184 -183 100 250 119
184 120 79 250 141
184 -199 160 250 91
184 -187 171 250 79
184 59 79 250 169
184 60 79 250 169
184 64 79 250 169
184 66 79 250 169
185 -210 31 250 91
185 156 26 250 141
185 -161 65 250 79
185 -128 70 250 85
185 157 38 250 140
185 -128 74 250 85
185 -197 65 250 110
185 122 60 250 156
185 -183 100 250 119
185 70 75 250 170
185 -203 168 250 82
185 -181 172 250 78
185 63 78 250 170
185 64 78 250 170
185 66 78 250 170
186 153 18 250 144
186 -160 66 250 79
186 -128 70 250 85
186 -128 74 250 85
186 -197 65 250 110
186 115 57 250 154
186 122 61 250 156
186 126 62 250 159
186 -183 99 250 119
186 159 96 250 141
186 -207 171 250 80
186 -184 171 250 79
186 64 76 250 173
186 66 76 250 173
186 68 75 250 173
187 145 14 250 148
187 -191 35 250 78
187 -161 66 250 79
187 -128 70 250 85
187 -128 74 250 85
187 -198 65 250 109
187 130 65 250 157
187 -183 100 250 119
187 -187 171 250 79
187 69 69 250 180
187 70 69 250 180
187 72 69 250 180
187 157 107 250 142
188 137 10 250 152
188 -191 35 250 78
188 -161 66 250 79
188 -128 74 250 85
188 -128 71 250 85
188 -197 64 250 110
188 129 65 250 154
188 132 64 250 155
188 -183 100 250 119
188 68 65 250 181
188 160 107 250 138
188 -196 165 250 87
188 68 68 250 181
188 69 66 250 181
188 71 67 250 181
188 160 111 250 138
188 160 109 250 138
189 130 5 250 157
189 -197 34 250 79
189 131 11 250 156
189 -203 32 250 106
189 -146 51 250 78
189 138 23 250 147
189 -128 70 250 85
189 55 50 250 128
189 -128 74 250 85
189 -197 64 250 110
189 135 62 250 153
189 -183 99 250 119
189 -196 165 250 87
189 -187 171 250 79
189 66 68 250 180
189 70 67 250 181
189 155 114 250 135
190 125 4 250 160
190 126 10 250 159
190 -210 46 250 102
190 -160 66 250 79
190 -128 69 250 85
190 -197 64 250 110
190 -139 77 250 83
190 139 55 250 153
190 -184 100 250 119
190 -201 159 250 79
190 154 108 250 136
190 -209 172 250 79
190 -203 168 250 79
190 -190 171 250 79
190 -184 171 250 79
190 -181 172 250 79
190 69 67 250 181
190 70 67 250 181
190 71 67 250 181
190 153 110 250 136
191 111 2 250 157
191 115 4 250 161
191 -217 39 250 97
191 -147 52 250 77
191 -128 70 250 85
191 -128 74 250 85
191 148 47 250 147
191 -197 65 250 110
191 143 50 250 147
191 145 56 250 149
191 65 62 250 152
191 -184 100 250 119
191 72 60 250 180
191 71 64 250 181
191 73 64 250 181
191 73 64 250 181
191 -198 167 250 85
191 -184 168 250 79
191 -181 172 250 79
191 71 65 250 181
191 74 65 250 181
192 110 4 250 164
192 112 9 250 162
192 -154 54 250 77
192 -154 55 250 77
192 -128 70 250 85
192 -128 74 250 85
192 148 45 250 147
192 -198 65 250 109
192 141 48 250 147
192 148 53 250 147
192 -185 101 250 118
192 74 64 250 182
192 -186 171 250 79
192 -184 168 250 79
192 -181 172 250 79
192 71 66 250 182
192 72 66 250 182
192 73 65 250 182
193 109 5 250 164
193 -207 44 250 104
193 155 38 250 142
193 -128 70 250 85
193 -128 74 250 85
193 65 57 250 124
193 137 45 250 146
193 -198 65 250 109
193 153 63 250 140
193 -183 99 250 119
193 -220 173 250 77
193 -186 171 250 79
193 -184 171 250 79
193 -181 172 250 79
193 75 68 250 181
193 76 68 250 181
193 77 67 250 181
194 108 8 250 164
194 108 9 250 164
194 104 13 250 164
194 105 12 250 164
194 107 11 250 164
194 -212 35 250 101
194 -154 54 250 77
194 -160 66 250 79
194 -128 70 250 85
194 150 37 250 146
194 -128 74 250 85
194 141 43 250 144
194 -197 65 250 109
194 69 70 250 149
194 78 74 250 150
194 -183 100 250 119
194 81 72 250 176
194 -198 171 250 79
194 -191 171 250 79
194 -186 171 250 79
194 80 73 250 176
195 97 5 250 136
195 104 14 250 164
195 102 15 250 164
195 -206 31 250 104
195 103 17 250 164
195 -154 53 250 77
195 -154 55 250 77
195 153 35 250 140
195 -128 70 250 85
195 -128 74 250 85
195 144 44 250 140
195 -198 65 250 109
195 -183 99 250 119
195 -208 167 250 81
195 -186 171 250 79
195 79 77 250 174
196 -211 46 250 101
196 -154 54 250 77
196 -154 55 250 77
196 102 28 250 165
196 102 26 250 165
196 160 35 250 139
196 -128 70 250 85
196 100 27 250 165
196 -128 74 250 85
196 -198 65 250 109
196 -183 99 250 119
196 -198 171 250 79
196 -181 173 250 78
196 81 78 250 172
197 -211 23 250 91
197 173 16 250 129
197 -221 39 250 94
197 -154 53 250 77
197 159 34 250 141
197 98 36 250 161
197 -129 73 250 86
197 -197 65 250 110
197 -183 100 250 119
197 80 75 250 173
197 -186 171 250 79
197 -184 171 250 79
197 -181 172 250 79
197 80 76 250 173
198 -214 24 250 88
198 164 27 250 136
198 -161 66 250 79
198 -128 70 250 85
198 -128 74 250 85
198 -198 65 250 109
198 99 43 250 164
198 99 43 250 164
198 98 46 250 165
198 -184 100 250 119
198 -196 170 250 80
198 -181 173 250 78
198 75 76 250 174
199 -206 44 250 105
199 164 32 250 137
199 -128 70 250 85
199 -128 73 250 85
199 -198 65 250 109
199 104 49 250 166
199 104 51 250 166
199 -183 99 250 119
199 74 69 250 175
199 -217 167 250 80
199 -186 171 250 79
199 48 93 250 151
199 74 72 250 178
200 166 28 250 134
200 -206 45 250 104
200 165 35 250 136
200 -160 66 250 79
200 -128 70 250 85
200 -128 74 250 85
200 -198 65 250 109
200 109 52 250 162
200 106 58 250 163
200 108 57 250 164
200 -181 98 250 120
200 108 60 250 165
200 49 83 250 156
200 52 82 250 156
200 -205 170 250 81
200 -181 173 250 78
200 69 70 250 180
201 161 25 250 138
201 158 35 250 137
201 161 34 250 138
201 -160 66 250 79
201 -128 70 250 85
201 -128 74 250 85
201 -197 65 250 109
201 -182 98 250 120
201 47 78 250 157
201 116 75 250 166
201 115 77 250 166
201 115 76 250 166
201 -219 171 250 78
201 -215 174 250 78
201 -203 169 250 78
201 -191 172 250 78
201 -185 169 250 78
201 -181 173 250 78
201 61 67 250 181
201 62 67 250 181
201 64 67 250 181
201 67 67 250 181
201 115 80 250 166
202 -207 39 250 105
202 156 32 250 142
202 -161 66 250 79
202 -128 69 250 85
202 155 37 250 139
202 -130 74 250 85
202 -198 65 250 109
202 167 53 250 133
202 -181 99 250 120
202 61 62 250 180
202 -220 174 250 77
202 -216 171 250 77
202 -184 171 250 79
202 65 66 250 183
202 117 83 250 166
203 -204 44 250 106
203 -154 53 250 77
203 152 34 250 144
203 -159 66 250 78
203 -128 70 250 85
203 -128 74 250 85
203 -197 65 250 110
203 -183 99 250 119
203 62 59 250 180
203 63 59 250 180
203 64 59 250 180
203 -184 171 250 79
203 -181 172 250 79
203 80 166 250 83
203 119 93 250 157
204 -204 43 250 107
204 -154 53 250 77
204 -154 54 250 77
204 150 35 250 145
204 -128 70 250 85
204 -198 65 250 109
204 -128 74 250 85
204 62 58 250 143
204 70 51 250 170
204 -183 100 250 119
204 65 58 250 180
204 66 58 250 180
204 68 57 250 180
204 -197 168 250 79
204 -190 168 250 79
204 -186 171 250 79
204 31 163 250 88
204 132 101 250 147
205 -202 36 250 107
205 147 26 250 147
205 -154 53 250 77
205 -154 54 250 77
205 -128 70 250 85
205 144 36 250 149
205 -198 65 250 109
205 142 45 250 148
205 77 52 250 176
205 -183 100 250 119
205 74 58 250 181
205 74 58 250 181
205 -187 168 250 79
205 -186 171 250 79
206 154 9 250 142
206 -206 41 250 105
206 -154 53 250 77
206 -154 54 250 77
206 -128 70 250 85
206 135 37 250 154
206 -197 65 250 110
206 138 44 250 151
206 -181 99 250 120
206 81 59 250 180
206 82 59 250 180
206 84 58 250 180
206 -187 168 250 79
206 86 151 250 97
207 -207 35 250 105
207 -128 70 250 85
207 131 34 250 157
207 -128 74 250 85
207 -195 63 250 111
207 135 43 250 153
207 -183 100 250 119
207 95 58 250 178
207 -187 171 250 79
207 83 146 250 103
207 89 66 250 182
208 -205 39 250 106
208 -154 53 250 77
208 -128 70 250 85
208 120 32 250 164
208 -128 74 250 85
208 -194 63 250 112
208 89 57 250 151
208 -181 99 250 120
208 -216 172 250 80
208 -198 171 250 79
208 -181 173 250 78
208 17 168 250 82
208 63 139 250 111
208 98 72 250 176
209 -161 66 250 79
209 -128 70 250 85
209 114 29 250 168
209 -128 74 250 85
209 -195 63 250 111
209 105 62 250 151
209 -181 99 250 120
209 110 65 250 169
209 106 71 250 173
209 106 73 250 173
209 -207 160 250 87
209 -207 164 250 87
209 -186 171 250 79
209 56 138 250 111
209 106 74 250 173
210 -217 29 250 96
210 109 27 250 171
210 -158 65 250 79
210 -128 70 250 85
210 -128 74 250 85
210 107 30 250 171
210 -195 63 250 111
210 101 63 250 155
210 -181 97 250 120
210 109 75 250 171
210 -210 162 250 85
210 -181 172 250 79
210 44 137 250 112
210 109 76 250 171
211 103 20 250 174
211 -154 53 250 77
211 101 24 250 175
211 -161 66 250 79
211 -127 69 250 86
211 98 26 250 174
211 -129 73 250 86
211 101 28 250 174
211 -195 63 250 111
211 -181 96 250 120
211 116 73 250 166
211 116 72 250 166
211 -203 169 250 82
211 -186 171 250 79
211 26 136 250 112
211 108 86 250 163
212 102 19 250 175
212 -209 45 250 102
212 102 20 250 175
212 96 24 250 175
212 97 24 250 175
212 100 22 250 175
212 102 22 250 175
212 -161 66 250 79
212 -127 71 250 86
212 98 28 250 175
212 -195 63 250 111
212 -181 97 250 120
212 119 72 250 164
212 119 74 250 164
212 23 129 250 117
212 118 77 250 164
212 -196 164 250 87
212 -186 171 250 79
212 23 131 250 117
213 92 4 250 141
213 -210 35 250 101
213 -154 53 250 77
213 94 25 250 175
213 96 25 250 175
213 98 25 250 175
213 -160 66 250 79
213 -128 70 250 85
213 -128 74 250 85
213 -197 64 250 110
213 -181 96 250 120
213 5 128 250 79
213 4 128 250 79
213 123 76 250 163
213 123 77 250 163
213 -187 159 250 78
213 -187 164 250 78
213 -212 174 250 77
213 -187 169 250 78
213 -185 169 250 78
213 -181 172 250 78
213 7 134 250 114
213 122 90 250 160
214 96 26 250 173
214 -161 66 250 79
214 -128 70 250 85
214 85 27 250 174
214 86 27 250 174
214 88 27 250 174
214 -128 74 250 85
214 -195 63 250 111
214 130 63 250 156
214 -181 98 250 120
214 128 72 250 158
214 128 74 250 158
214 128 77 250 158
214 -208 172 250 79
214 -202 171 250 79
214 -190 171 250 79
214 -186 171 250 79
214 1 132 250 117
214 132 98 250 150
215 78 27 250 167
215 -161 66 250 79
215 -128 70 250 85
215 155 45 250 142
215 -128 74 250 85
215 76 34 250 172
215 -195 63 250 111
215 141 54 250 144
215 148 54 250 145
215 151 54 250 145
215 -181 96 250 120
215 143 85 250 146
215 139 90 250 146
215 139 89 250 146
215 -200 160 250 91
215 -186 171 250 79
215 -22 128 250 120
216 -154 53 250 77
216 83 28 250 149
216 153 45 250 130
216 -128 70 250 85
216 157 46 250 140
216 -128 73 250 85
216 -195 63 250 111
216 71 38 250 174
216 149 56 250 144
216 149 66 250 147
216 -20 119 250 90
216 -181 97 250 120
216 148 85 250 146
216 144 91 250 142
216 150 96 250 141
216 -215 165 250 82
216 -190 171 250 79
216 -187 168 250 79
216 -35 126 250 123
217 -190 36 250 78
217 -216 38 250 97
217 74 30 250 147
217 168 42 250 131
217 -128 70 250 85
217 -128 74 250 85
217 -194 63 250 112
217 155 50 250 140
217 68 40 250 175
217 66 42 250 175
217 61 46 250 173
217 -183 99 250 119
217 144 82 250 147
217 -212 157 250 85
217 141 89 250 150
217 -186 171 250 79
217 -47 123 250 126
218 -214 38 250 99
218 -154 54 250 77
218 -162 66 250 78
218 -128 71 250 85
218 -195 63 250 111
218 173 55 250 131
218 55 50 250 174
218 55 48 250 174
218 53 50 250 174
218 -183 99 250 119
218 151 92 250 145
218 151 89 250 145
218 148 92 250 145
218 -206 167 250 80
218 -207 172 250 80
218 -184 171 250 79
218 -181 171 250 79
218 -53 120 250 128
219 -207 44 250 104
219 -154 53 250 77
219 -154 54 250 77
219 54 32 250 142
219 -128 70 250 85
219 179 53 250 126
219 -128 74 250 85
219 -195 63 250 111
219 174 59 250 129
219 51 49 250 174
219 52 49 250 174
219 55 50 250 174
219 56 50 250 174
219 57 52 250 174
219 -183 99 250 119
219 53 53 250 174
219 153 92 250 142
219 -186 171 250 79
219 -62 121 250 128
220 -128 69 250 85
220 -195 63 250 111
220 173 70 250 128
220 46 52 250 174
220 47 52 250 174
220 49 51 250 174
220 164 91 250 131
220 -183 99 250 119
220 41 56 250 173
220 165 91 250 131
220 43 58 250 173
220 -187 155 250 78
220 -187 164 250 78
220 165 104 250 135
220 165 105 250 135
220 -182 169 250 78
220 -181 173 250 78
220 -74 121 250 127
221 -154 53 250 77
221 -154 54 250 77
221 42 34 250 142
221 -127 69 250 85
221 -195 63 250 111
221 186 77 250 121
221 39 53 250 173
221 39 52 250 173
221 -183 98 250 119
221 39 59 250 172
221 164 104 250 137
221 -196 160 250 87
221 -181 173 250 78
221 -81 122 250 127
221 -74 123 250 126
222 -210 31 250 92
222 -154 53 250 77
222 -154 54 250 77
222 21 36 250 136
222 31 40 250 138
222 -128 70 250 85
222 -128 74 250 85
222 -195 63 250 111
222 204 94 250 99
222 24 55 250 170
222 26 54 250 170
222 27 54 250 170
222 -184 100 250 119
222 169 95 250 128
222 24 60 250 170
222 -186 171 250 79
222 -91 126 250 122
222 180 124 250 126
223 -154 53 250 77
223 -154 54 250 77
223 -128 74 250 85
223 -128 71 250 85
223 -194 63 250 112
223 19 56 250 171
223 20 55 250 171
223 21 55 250 171
223 -183 98 250 119
223 18 56 250 171
223 172 114 250 130
223 -211 175 250 77
223 -184 171 250 79
223 -99 128 250 120
223 -90 128 250 121
223 172 119 250 130
223 171 116 250 130
224 -134 43 250 77
224 -155 53 250 78
224 -128 73 250 86
224 -128 71 250 86
224 -194 63 250 112
224 -183 96 250 119
224 12 62 250 173
224 10 62 250 173
224 172 114 250 131
224 -204 157 250 89
224 -184 171 250 79
224 -109 130 250 118
224 -97 130 250 119
224 171 116 250 131
225 -134 43 250 77
225 -155 53 250 78
225 -142 47 250 77
225 -126 71 250 87
225 -194 63 250 112
225 -183 98 250 119
225 0 62 250 173
225 5 62 250 174
225 5 64 250 174
225 -207 172 250 80
225 -184 171 250 79
225 -111 140 250 108
225 182 126 250 124
226 -134 43 250 77
226 -155 53 250 78
226 -142 47 250 77
226 -127 71 250 87
226 -195 63 250 111
226 -183 98 250 119
226 4 67 250 173
226 0 68 250 174
226 4 69 250 173
226 -196 170 250 80
226 -123 146 250 102
226 4 73 250 173
226 188 134 250 117
227 -134 43 250 77
227 -153 53 250 78
227 -153 51 250 78
227 -128 74 250 85
227 -128 71 250 85
227 -195 63 250 111
227 -183 98 250 119
227 208 132 250 106
227 -187 171 250 79
227 -128 153 250 95
227 1 74 250 174
227 190 139 250 112
228 -152 52 250 79
228 -152 51 250 79
228 -160 66 250 77
228 -128 71 250 84
228 -129 74 250 84
228 -194 63 250 112
228 -183 96 250 119
228 -187 168 250 79
228 -187 171 250 79
228 -133 157 250 91
228 1 75 250 172
228 2 76 250 172
228 4 76 250 172
228 202 144 250 106
229 -216 39 250 97
229 -153 53 250 78
229 -127 69 250 85
229 -195 63 250 112
229 -183 98 250 119
229 -185 163 250 79
229 -127 159 250 87
229 4 77 250 169
229 215 150 250 96
229 -187 171 250 79
229 -184 168 250 79
229 -181 172 250 79
229 -126 162 250 87
229 4 80 250 169
229 4 79 250 169
229 200 156 250 94
230 -221 34 250 94
230 -154 53 250 77
230 -154 54 250 77
230 -162 66 250 78
230 -129 68 250 84
230 -140 77 250 81
230 -195 63 250 112
230 -183 96 250 119
230 -182 164 250 78
230 195 147 250 97
230 -187 171 250 79
230 -182 169 250 78
230 4 83 250 167
230 195 150 250 97
231 -218 38 250 96
231 -136 42 250 78
231 -153 53 250 78
231 -129 68 250 84
231 -195 63 250 111
231 -183 96 250 119
231 -187 171 250 79
231 2 90 250 159
231 3 90 250 159
231 5 89 250 159
231 112 165 250 86
231 194 150 250 99
232 -136 42 250 78
232 -153 53 250 78
232 -153 51 250 78
232 -129 69 250 84
232 -131 75 250 84
232 -196 63 250 111
232 -138 77 250 84
232 25 90 250 121
232 -187 97 250 117
232 -187 164 250 78
232 126 144 250 101
232 -187 169 250 78
232 -185 169 250 78
232 -181 173 250 78
232 2 97 250 151
232 120 148 250 100
232 126 146 250 101
233 -216 29 250 98
233 -129 69 250 84
233 -139 77 250 83
233 -196 69 250 111
233 -184 96 250 118
233 -197 155 250 86
233 -181 173 250 78
233 3 99 250 149
234 -218 31 250 95
234 -129 69 250 84
234 -195 64 250 111
234 -139 77 250 83
234 -185 97 250 118
234 133 122 250 123
234 -198 171 250 79
234 -182 173 250 78
234 5 99 250 149
234 129 127 250 121
235 -217 29 250 96
235 -132 75 250 85
235 -195 64 250 111
235 -185 95 250 119
235 -202 158 250 84
235 139 108 250 136
235 -182 173 250 78
235 10 103 250 144
235 120 111 250 137
235 138 112 250 136
235 139 110 250 136
236 -129 69 250 84
236 -132 74 250 84
236 -195 64 250 111
236 -185 95 250 119
236 -197 170 250 80
236 -186 171 250 79
236 12 105 250 142
236 21 108 250 140
236 130 96 250 155
237 -221 38 250 94
237 -129 69 250 84
237 -132 74 250 84
237 -195 65 250 111
237 -188 94 250 116
237 -186 171 250 79
237 -184 171 250 79
237 -181 172 250 79
237 17 107 250 142
237 126 90 250 160
238 -129 69 250 84
238 -132 74 250 84
238 -195 65 250 111
238 -193 90 250 113
238 134 73 250 153
238 126 80 250 160
238 -187 171 250 79
238 -181 172 250 78
238 17 111 250 137
238 125 87 250 160
239 -205 30 250 105
239 -146 53 250 77
239 -129 69 250 84
239 -133 74 250 84
239 -197 66 250 110
239 -192 88 250 114
239 121 61 250 163
239 120 67 250 161
239 -187 159 250 78
239 -187 164 250 78
239 22 111 250 131
239 -200 172 250 78
239 -191 169 250 78
239 -185 169 250 78
239 -181 173 250 78
239 19 117 250 131
240 -205 32 250 105
240 -129 69 250 84
240 -133 74 250 84
240 -195 65 250 111
240 -139 77 250 84
240 121 51 250 163
240 -193 87 250 113
240 -184 163 250 79
240 -207 171 250 80
240 -190 171 250 79
240 -186 168 250 79
240 21 117 250 131
241 -209 43 250 102
241 -132 74 250 85
241 -195 65 250 111
241 119 42 250 164
241 120 47 250 163
241 -193 88 250 113
241 -195 169 250 81
241 -180 171 250 80
241 22 117 250 131
242 -191 35 250 77
242 121 22 250 162
242 121 24 250 162
242 121 26 250 162
242 -129 69 250 84
242 -132 74 250 84
242 -197 65 250 110
242 -193 88 250 113
242 -184 163 250 79
242 -211 173 250 78
242 -186 171 250 79
242 -187 168 250 79
242 31 114 250 133
243 123 9 250 160
243 122 16 250 162
243 -129 69 250 84
243 -132 74 250 84
243 -196 64 250 111
243 -195 89 250 112
243 -206 163 250 80
243 -206 167 250 80
243 -205 171 250 80
243 -186 171 250 79
243 40 112 250 135
243 54 120 250 132
244 120 7 250 164
244 122 15 250 157
244 -129 69 250 84
244 -133 74 250 84
244 -195 64 250 112
244 -195 89 250 112
244 -214 160 250 83
244 -190 171 250 79
244 -186 171 250 79
244 42 110 250 137
245 117 7 250 163
245 -216 37 250 98
245 -129 69 250 84
245 -132 74 250 84
245 -195 64 250 111
245 58 94 250 105
245 -195 90 250 112
245 -210 174 250 78
245 -190 171 250 79
245 -182 173 250 78
245 42 106 250 141
246 -212 22 250 89
246 -129 69 250 84
246 -132 74 250 84
246 -195 63 250 111
246 -195 90 250 112
246 -187 171 250 79
246 -184 171 250 79
246 -181 172 250 79
246 36 107 250 142
246 49 101 250 147
247 -127 69 250 85
247 -195 64 250 111
247 -195 90 250 112
247 -203 169 250 82
247 -187 171 250 79
247 55 105 250 144
247 57 104 250 144
247 61 104 250 144
247 69 104 250 146
248 -127 69 250 85
248 -195 64 250 111
248 -138 77 250 84
248 66 90 250 96
248 -192 89 250 114
248 -217 163 250 80
248 -203 165 250 78
248 -217 168 250 80
248 -202 170 250 78
248 -184 171 250 79
248 59 103 250 146
248 63 103 250 146
248 69 102 250 147
249 -129 69 250 84
249 -132 74 250 84
249 -195 64 250 111
249 -193 89 250 113
249 81 90 250 158
249 -187 171 250 79
249 80 91 250 158
250 -224 32 250 92
250 -129 69 250 84
250 -132 75 250 84
250 -197 64 250 110
250 -139 77 250 84
250 -193 90 250 113
250 -199 156 250 85
250 84 87 250 161
250 -186 171 250 79
251 -129 69 250 84
251 -132 74 250 84
251 -195 64 250 111
251 -195 91 250 112
251 -186 171 250 79
251 87 88 250 163
252 -206 45 250 104
252 -147 51 250 78
252 -129 69 250 84
252 -132 75 250 84
252 -197 64 250 110
252 -140 78 250 84
252 -195 90 250 112
252 -201 156 250 84
252 94 82 250 165
252 -186 171 250 79
252 93 84 250 165
253 -127 69 250 85
253 -197 64 250 110
253 -195 91 250 112
253 -187 171 250 79
253 -181 173 250 78
253 98 80 250 170
254 -161 67 250 79
254 -127 69 250 85
254 -197 65 250 110
254 -139 77 250 84
254 -195 90 250 112
254 -186 171 250 79
254 99 78 250 172
254 100 78 250 172
254 102 77 250 172
255 -202 44 250 107
255 -202 48 250 107
255 -127 69 250 85
255 -197 65 250 110
255 -195 90 250 112
255 72 88 250 118
255 -186 171 250 79
255 -184 171 250 79
255 -181 172 250 79
255 91 143 250 106
255 100 74 250 175
256 -191 35 250 78
256 -144 51 250 78
256 -128 68 250 85
256 -197 64 250 110
256 -192 89 250 114
256 105 62 250 173
256 104 67 250 174
256 105 128 250 118
256 103 69 250 174
256 -208 173 250 79
256 -202 171 250 79
256 -198 171 250 79
256 -182 173 250 78
256 80 128 250 120
256 105 129 250 118
256 103 72 250 174
257 -147 52 250 77
257 -163 68 250 78
257 -128 69 250 84
257 -197 64 250 110
257 -192 89 250 114
257 103 58 250 174
257 103 60 250 174
257 103 69 250 171
257 -213 168 250 82
257 -186 171 250 79
257 77 123 250 125
257 101 126 250 123
258 173 4 250 129
258 174 4 250 129
258 -148 53 250 77
258 -163 68 250 78
258 -129 69 250 84
258 -197 65 250 110
258 90 60 250 145
258 -192 89 250 114
258 103 52 250 174
258 101 53 250 174
258 102 54 250 174
258 -215 161 250 82
258 -215 165 250 82
258 -191 171 250 79
258 -184 171 250 79
258 -180 172 250 79
258 78 119 250 129
258 102 120 250 129
259 162 3 250 138
259 -206 30 250 95
259 -219 39 250 95
259 -154 53 250 77
259 -154 54 250 77
259 -128 69 250 84
259 -197 65 250 110
259 -192 89 250 114
259 101 49 250 174
259 102 49 250 174
259 103 50 250 174
259 103 60 250 171
259 -211 174 250 78
259 -204 173 250 78
259 -184 171 250 79
259 73 116 250 132
259 97 118 250 131
260 -220 30 250 94
260 -191 35 250 77
260 164 25 250 136
260 -154 53 250 77
260 -154 54 250 77
260 -160 67 250 78
260 -129 69 250 84
260 -195 64 250 111
260 102 41 250 175
260 102 40 250 175
260 -192 89 250 114
260 105 52 250 170
260 88 100 250 140
260 -187 171 250 79
260 -181 172 250 78
260 72 105 250 143
260 86 105 250 143
261 -129 69 250 84
261 -132 74 250 84
261 93 44 250 147
261 -197 64 250 110
261 101 37 250 176
261 -192 89 250 114
261 -198 160 250 78
261 -198 169 250 78
261 -184 171 250 79
261 62 100 250 148
261 82 102 250 146
262 109 22 250 165
262 -204 45 250 105
262 -154 53 250 77
262 -154 54 250 77
262 -129 69 250 84
262 103 32 250 175
262 -197 65 250 110
262 74 87 250 102
262 -193 89 250 113
262 176 88 250 129
262 -200 155 250 85
262 -187 163 250 79
262 -187 168 250 79
262 56 96 250 153
262 74 98 250 151
263 -153 53 250 78
263 105 22 250 173
263 -160 66 250 78
263 -129 69 250 84
263 -197 64 250 110
263 -192 89 250 114
263 155 75 250 142
263 71 86 250 143
263 -184 171 250 79
263 41 81 250 168
263 172 117 250 131
264 106 12 250 172
264 106 15 250 173
264 -154 53 250 78
264 105 21 250 171
264 -129 69 250 84
264 -197 64 250 110
264 193 81 250 112
264 -192 89 250 114
264 61 78 250 159
264 154 87 250 143
264 -216 163 250 80
264 -216 167 250 80
264 -184 171 250 79
264 37 74 250 175
265 105 6 250 174
265 106 9 250 173
265 -203 30 250 107
265 -154 53 250 78
265 -162 67 250 78
265 -127 69 250 85
265 -197 64 250 110
265 168 87 250 113
265 -192 90 250 114
265 -209 173 250 78
265 -186 171 250 79
265 -184 171 250 79
265 -181 172 250 79
265 37 71 250 178
265 151 103 250 145
266 111 2 250 155
266 110 6 250 156
266 -190 35 250 78
266 -154 54 250 77
266 -128 69 250 84
266 -195 64 250 111
266 -189 93 250 109
266 -200 94 250 109
266 -218 163 250 80
266 43 64 250 181
266 166 115 250 130
266 -218 167 250 80
266 -217 172 250 80
266 -190 171 250 79
266 -181 172 250 78
266 40 66 250 181
266 41 67 250 181
266 43 65 250 181
266 44 67 250 181
266 156 119 250 130
267 107 1 250 149
267 -154 54 250 78
267 -129 69 250 84
267 59 61 250 108
267 -195 64 250 111
267 -191 94 250 108
267 -199 95 250 108
267 -195 94 250 108
267 46 61 250 181
267 -184 171 250 79
267 42 66 250 182
267 43 66 250 182
267 45 66 250 182
267 47 66 250 182
267 162 127 250 123
268 -153 53 250 78
268 -129 69 250 84
268 -197 64 250 110
268 -185 95 250 108
268 -185 92 250 108
268 -203 96 250 108
268 45 59 250 182
268 45 59 250 182
268 47 58 250 182
268 -185 164 250 78
268 -210 173 250 78
268 -204 173 250 78
268 -191 172 250 78
268 -185 169 250 78
268 -182 173 250 78
268 165 139 250 109
269 -153 53 250 78
269 -159 66 250 78
269 -129 69 250 84
269 -197 64 250 110
269 -196 93 250 112
269 48 54 250 182
269 47 56 250 182
269 47 54 250 182
269 46 57 250 182
269 46 56 250 182
269 43 58 250 182
269 -205 170 250 81
269 -190 171 250 79
269 -186 171 250 79
269 150 151 250 98
269 155 151 250 98
270 -153 53 250 78
270 45 46 250 122
270 -162 67 250 78
270 -128 69 250 85
270 -197 64 250 110
270 -193 91 250 113
270 43 50 250 182
270 47 49 250 183
270 44 55 250 181
270 -216 164 250 80
270 -216 169 250 80
270 -198 171 250 79
270 -181 172 250 78
271 -136 42 250 78
271 -153 53 250 78
271 -128 69 250 85
271 -197 64 250 110
271 48 43 250 181
271 -193 92 250 113
271 45 47 250 182
271 45 46 250 182
271 44 52 250 181
271 -204 171 250 81
271 -198 171 250 79
271 -181 173 250 78
272 -154 53 250 78
272 -128 69 250 84
272 -197 64 250 110
272 43 43 250 181
272 42 44 250 181
272 43 44 250 181
272 44 45 250 181
272 -193 91 250 113
272 44 53 250 178
272 -200 170 250 77
272 -185 172 250 78
273 -136 42 250 78
273 -153 53 250 78
273 -128 69 250 85
273 42 31 250 179
273 -197 64 250 110
273 39 36 250 181
273 -194 93 250 113
273 -196 164 250 79
273 -197 168 250 79
273 -190 171 250 79
273 -187 171 250 79
274 -135 42 250 78
274 -154 52 250 79
274 -129 69 250 84
274 42 30 250 179
274 -197 64 250 110
274 39 33 250 180
274 -193 93 250 113
274 -187 171 250 79
275 -152 52 250 79
275 -151 51 250 79
275 -129 69 250 84
275 42 29 250 179
275 -132 74 250 84
275 -197 64 250 110
275 38 33 250 180
275 -194 93 250 113
275 -208 173 250 79
275 -190 171 250 79
275 -181 173 250 78
276 -218 38 250 96
276 -151 51 250 79
276 -151 51 250 79
276 -129 69 250 84
276 42 30 250 179
276 -195 64 250 111
276 38 33 250 180
276 38 33 250 180
276 34 46 250 173
276 -193 92 250 113
276 -218 173 250 79
276 -186 171 250 79
277 -135 42 250 78
277 -153 53 250 78
277 -129 71 250 84
277 -129 74 250 84
277 -195 64 250 111
277 38 39 250 181
277 36 40 250 181
277 37 40 250 181
277 -193 92 250 113
277 36 44 250 181
277 -200 158 250 84
277 -200 165 250 84
277 -184 171 250 79
277 -181 172 250 79
278 -222 41 157 1
278 -135 42 172 1
278 -153 53 172 2
278 -128 69 165 1
278 -195 64 139 1
278 20 58 95 1
278 37 44 68 2
278 -193 92 137 1
278 36 47 68 1
278 -215 161 168 1
278 -184 163 171 1
278 -215 166 168 1
278 -190 171 171 1
278 -184 168 171 1
278 -181 172 171 1
279 -220 40 250 95
279 -135 42 250 78
279 -153 53 250 78
279 -128 69 250 85
279 -197 64 250 110
279 35 44 250 182
279 -193 92 250 113
279 36 53 250 178
279 -208 165 250 86
279 -184 171 250 79
279 -181 172 250 79
280 -191 35 250 77
280 -135 42 250 78
280 -212 46 250 100
280 -153 53 250 78
280 -128 70 250 85
280 -197 65 250 110
280 38 46 250 181
280 -194 93 250 113
280 39 53 250 180
280 -200 159 250 79
280 -187 164 250 78
280 -185 169 250 78
280 -182 173 250 78
281 144 2 250 110
281 155 2 250 137
281 -217 24 250 79
281 159 8 250 136
281 -135 42 250 78
281 -153 53 250 78
281 -128 69 250 85
281 -197 64 250 110
281 43 42 250 179
281 -197 94 250 111
281 39 47 250 181
281 40 47 250 181
281 42 47 250 181
281 39 53 250 179
281 -187 171 250 79
281 -182 173 250 78
281 -110 166 250 84
282 144 1 250 148
282 156 13 250 137
282 -135 42 250 78
282 25 27 250 141
282 -153 53 250 78
282 -128 69 250 85
282 -130 73 250 85
282 -197 64 250 110
282 41 46 250 181
282 42 46 250 181
282 43 47 250 181
282 44 46 250 181
282 -184 95 250 119
282 42 52 250 181
282 -185 164 250 78
282 -187 172 250 78
282 -185 169 250 78
282 -181 172 250 78
282 -114 161 250 89
283 140 2 250 151
283 -190 35 250 78
283 144 12 250 146
283 -136 42 250 78
283 -154 52 250 79
283 -129 71 250 84
283 -129 75 250 84
283 -197 64 250 110
283 43 46 250 181
283 -188 97 250 117
283 49 46 250 180
283 42 52 250 181
283 -188 164 250 78
283 -187 169 250 78
283 -185 172 250 78
283 -182 172 250 78
283 -107 161 250 88
284 40 21 250 149
284 131 13 250 156
284 129 17 250 156
284 -151 52 250 79
284 -151 51 250 79
284 -128 69 250 85
284 -197 65 250 110
284 48 40 250 181
284 48 41 250 181
284 44 43 250 182
284 48 42 250 181
284 -182 101 250 120
284 -197 159 250 79
284 -197 168 250 79
284 -198 171 250 79
284 -182 173 250 78
284 -100 150 250 98
285 127 15 250 159
285 39 26 250 151
285 -151 51 250 79
285 -151 51 250 79
285 129 21 250 156
285 -128 70 250 85
285 204 58 250 110
285 -197 64 250 110
285 -148 79 250 82
285 48 40 250 181
285 46 42 250 181
285 47 42 250 181
285 48 41 250 181
285 46 43 250 181
285 48 42 250 181
285 44 44 250 181
285 -184 99 250 119
285 -182 164 250 78
285 -211 175 250 77
285 -187 172 250 78
285 -185 169 250 78
285 -182 169 250 78
285 -86 147 250 101
286 128 15 250 157
286 44 25 250 150
286 125 21 250 160
286 -151 51 250 79
286 -151 51 250 79
286 -128 69 250 85
286 -197 70 250 110
286 -149 79 250 81
286 48 40 250 181
286 46 43 250 181
286 47 43 250 181
286 48 41 250 181
286 46 44 250 181
286 48 42 250 181
286 44 45 250 181
286 -184 101 250 118
286 -185 164 250 78
286 -212 175 250 77
286 -187 172 250 78
286 -185 169 250 78
286 -181 173 250 78
286 -82 140 250 108
287 -153 53 250 78
287 41 31 250 151
287 122 29 250 162
287 -128 69 250 85
287 122 33 250 162
287 -195 63 250 111
287 -175 87 250 79
287 49 41 250 180
287 46 46 250 181
287 46 47 250 181
287 47 46 250 181
287 48 46 250 181
287 44 48 250 181
287 -185 104 250 118
287 46 52 250 181
287 -210 163 250 84
287 -181 172 250 78
287 -81 130 250 119
288 -153 53 250 78
288 129 29 250 156
288 -128 69 250 85
288 122 36 250 162
288 -197 65 250 110
288 -176 87 250 79
288 124 44 250 160
288 49 47 250 180
288 44 48 250 181
288 -184 103 250 119
288 46 53 250 180
288 46 52 250 180
288 -207 170 250 80
288 -181 173 250 78
288 -76 125 250 124
289 -148 52 250 78
289 -128 69 250 85
289 -197 63 250 109
289 120 42 250 163
289 118 47 250 162
289 46 50 250 181
289 43 52 250 181
289 44 51 250 181
289 45 50 250 181
289 -184 104 250 119
289 46 56 250 180
289 -206 171 250 80
289 -187 168 250 79
289 -63 123 250 125
290 -153 53 172 2
290 33 36 99 1
290 -128 69 165 1
290 -199 62 142 1
290 -130 74 165 1
290 118 57 86 3
290 115 59 86 1
290 117 57 86 1
290 44 54 69 2
290 -184 104 131 1
290 43 54 69 1
290 45 54 69 1
290 45 59 69 1
290 -185 169 172 1
290 -181 173 172 1
290 -38 113 115 1
291 -218 31 250 95
291 -147 50 250 79
291 -128 69 250 85
291 -200 61 250 107
291 -130 74 250 85
291 117 60 250 165
291 47 54 250 179
291 49 53 250 179
291 50 53 250 179
291 -185 105 250 118
291 46 55 250 179
291 116 65 250 165
291 -187 171 250 79
291 -27 108 250 140
292 -188 35 250 80
292 26 28 250 134
292 -147 52 250 78
292 -202 57 250 106
292 -128 69 250 85
292 -131 74 250 85
292 -171 86 250 79
292 48 53 250 178
292 49 53 250 178
292 52 52 250 178
292 54 55 250 178
292 113 64 250 163
292 114 65 250 163
292 116 63 250 166
292 -187 106 250 117
292 51 59 250 177
292 -21 103 250 142
292 -216 163 250 88
292 -187 168 250 79
292 -23 107 250 142
293 73 3 250 152
293 -215 33 250 87
293 -145 52 250 78
293 -159 66 250 79
293 -128 70 250 85
293 -200 63 250 107
293 -128 74 250 85
293 -172 86 250 78
293 51 52 250 177
293 51 54 250 177
293 53 52 250 177
293 55 53 250 177
293 117 65 250 164
293 -188 107 250 116
293 49 55 250 177
293 -15 104 250 141
293 -187 168 250 79
293 -20 107 250 141
294 -214 25 250 83
294 80 9 250 172
294 80 10 250 172
294 -144 50 250 79
294 -128 69 250 85
294 33 40 250 155
294 -199 62 250 108
294 -131 74 250 85
294 -145 75 250 84
294 -20 97 250 86
294 126 58 250 156
294 48 50 250 178
294 49 49 250 178
294 50 49 250 178
294 -191 109 250 114
294 115 66 250 165
294 -3 110 250 135
294 -187 168 250 79
294 -13 113 250 135
294 -10 113 250 135
294 -8 113 250 135
295 82 15 250 171
295 81 18 250 171
295 81 17 250 171
295 -144 50 250 79
295 28 35 250 154
295 -128 69 250 85
295 -197 63 250 110
295 -131 74 250 85
295 -145 75 250 84
295 124 58 250 160
295 45 47 250 181
295 121 63 250 162
295 121 64 250 162
295 -191 109 250 114
295 120 66 250 163
295 1 113 250 131
295 -184 168 250 79
295 -181 172 250 79
295 -7 117 250 132
296 -145 52 250 78
296 81 25 250 172
296 81 25 250 172
296 -129 71 250 84
296 -198 61 250 109
296 -129 75 250 84
296 -147 77 250 83
296 40 46 250 182
296 44 45 250 181
296 121 61 250 163
296 118 63 250 163
296 -192 109 250 114
296 38 51 250 181
296 -215 162 250 89
296 -187 171 250 79
296 -1 120 250 129
297 32 22 250 139
297 -144 51 250 78
297 60 33 250 143
297 -129 69 250 84
297 -132 75 250 84
297 -198 64 250 109
297 -147 77 250 83
297 83 38 250 173
297 38 40 250 181
297 124 60 250 161
297 47 46 250 178
297 -192 109 250 113
297 -181 173 250 78
297 8 122 250 128
298 33 22 250 142
298 95 27 250 142
298 95 26 250 142
298 -145 52 250 78
298 -128 70 250 85
298 -199 65 250 108
298 -128 75 250 85
298 -145 75 250 84
298 84 42 250 173
298 85 43 250 173
298 40 40 250 181
298 126 59 250 160
298 -192 109 250 113
298 -197 159 250 92
298 8 122 250 127
299 33 21 250 139
299 -145 52 250 78
299 -128 69 250 85
299 -200 62 250 108
299 -131 76 250 85
299 39 41 250 180
299 41 41 250 180
299 42 41 250 180
299 42 44 250 181
299 46 46 250 180
299 84 53 250 174
299 127 62 250 159
299 -193 109 250 113
299 -187 168 250 79
299 16 120 250 128
300 -215 23 250 81
300 36 22 250 131
300 -144 50 250 79
300 -128 69 250 85
300 -200 62 250 108
300 -131 75 250 85
300 -145 75 250 84
300 83 51 250 153
300 39 44 250 180
300 39 45 250 180
300 40 45 250 180
300 42 45 250 180
300 37 46 250 180
300 38 46 250 180
300 39 46 250 180
300 127 64 250 159
300 42 49 250 180
300 88 57 250 174
300 88 56 250 174
300 -193 109 250 113
300 86 57 250 174
300 22 118 250 130
301 -212 31 250 90
301 -145 52 250 78
301 -200 65 250 108
301 -131 76 250 85
301 -145 75 250 84
301 140 62 250 146
301 127 71 250 159
301 40 55 250 181
301 -192 114 250 114
301 45 57 250 181
301 126 74 250 160
301 39 60 250 180
301 -184 172 250 79
301 -181 172 250 79
301 94 76 250 172
301 95 76 250 172
301 97 76 250 172
302 -209 31 250 92
302 -129 69 250 84
302 -132 76 250 84
302 -198 65 250 109
302 -145 75 250 84
302 -146 77 250 84
302 127 72 250 159
302 -192 114 250 114
302 129 81 250 157
302 -181 172 250 79
302 41 66 250 181
302 96 80 250 169
302 98 80 250 169
302 101 80 250 169
303 -129 69 250 84
303 -132 77 250 84
303 32 46 250 153
303 -198 65 250 109
303 -136 78 250 84
303 -136 77 250 84
303 -193 114 250 113
303 125 74 250 161
303 -228 171 250 80
303 42 68 250 180
303 97 87 250 162
304 -146 52 250 78
304 -129 71 250 84
304 -198 65 250 109
304 -129 77 250 84
304 -136 80 250 84
304 -136 77 250 84
304 30 58 250 156
304 -192 114 250 113
304 123 73 250 163
304 -187 168 250 79
304 43 72 250 177
304 93 94 250 154
304 106 94 250 154
305 -146 52 250 78
305 -128 69 250 85
305 -131 75 250 85
305 -198 65 250 109
305 33 60 250 154
305 126 69 250 159
305 -192 115 250 113
305 125 74 250 160
305 -185 169 250 78
305 -181 173 250 78
305 43 72 250 177
305 48 72 250 176
305 96 98 250 150
305 111 98 250 150
306 -145 51 250 78
306 -129 69 250 84
306 -132 77 250 84
306 32 48 250 154
306 -199 66 250 108
306 -136 78 250 84
306 -136 77 250 84
306 32 58 250 156
306 125 70 250 160
306 -192 114 250 113
306 125 71 250 160
306 -216 171 250 81
306 -187 168 250 79
306 44 71 250 178
306 45 71 250 178
306 47 71 250 178
306 104 98 250 151
306 114 98 250 149
307 105 38 250 133
307 105 37 250 133
307 -128 69 250 85
307 -199 65 250 108
307 -131 75 250 85
307 137 54 250 145
307 40 63 250 159
307 127 65 250 159
307 -194 115 250 112
307 128 71 250 157
307 -214 167 250 83
307 43 69 250 180
307 108 102 250 147
307 118 101 250 147
308 -217 32 250 86
308 90 16 250 172
308 -146 52 250 78
308 29 40 250 116
308 -128 69 250 85
308 -199 65 250 108
308 -131 74 250 85
308 -146 76 250 83
308 127 59 250 159
308 -194 115 250 112
308 44 61 250 181
308 45 62 250 181
308 -207 163 250 87
308 -181 173 250 78
308 45 65 250 181
308 127 101 250 146
309 96 12 250 178
309 -223 39 250 92
309 96 14 250 178
309 -146 52 250 78
309 28 39 250 118
309 -129 69 250 84
309 -199 65 250 108
309 -133 76 250 84
309 -146 76 250 83
309 126 58 250 160
309 -194 115 250 112
309 43 57 250 181
309 43 57 250 181
309 45 57 250 181
309 141 88 250 144
309 46 57 250 181
309 48 58 250 181
309 -187 163 250 79
309 -218 166 250 86
309 -187 168 250 79
309 127 102 250 147
310 100 9 250 173
310 -215 32 250 87
310 97 13 250 178
310 28 37 250 125
310 -199 65 250 108
310 -132 76 250 84
310 -146 77 250 83
310 126 56 250 159
310 -195 116 250 111
310 40 55 250 180
310 41 55 250 180
310 46 54 250 181
310 -217 164 250 87
310 -187 168 250 79
310 135 101 250 147
311 -214 32 250 89
311 89 17 250 167
311 93 16 250 173
311 92 18 250 167
311 -198 63 250 109
311 -131 76 250 85
311 -145 75 250 84
311 126 56 250 159
311 -195 116 250 111
311 41 54 250 181
311 -187 171 250 79
311 143 103 250 145
312 -214 32 250 89
312 95 23 250 157
312 -198 63 250 109
312 -132 76 250 85
312 -133 76 250 85
312 126 57 250 159
312 42 53 250 181
312 -195 116 250 111
312 40 56 250 181
312 39 57 250 181
312 -181 173 250 78
312 148 102 250 147
313 -222 39 250 93
313 92 28 250 159
313 92 29 250 159
313 -198 63 250 109
313 -132 76 250 86
313 17 52 250 149
313 126 59 250 159
313 42 54 250 180
313 -195 116 250 111
313 38 57 250 180
313 43 63 250 177
313 -181 173 250 78
313 146 107 250 141
313 148 107 250 141
313 150 107 250 141
314 -143 51 250 78
314 -133 76 250 85
314 -198 65 250 109
314 -133 76 250 85
314 100 41 250 172
314 -195 115 250 112
314 42 58 250 182
314 -181 173 250 78
314 45 65 250 181
315 -216 39 250 98
315 -143 50 250 79
315 -129 69 250 84
315 -197 64 250 110
315 -133 77 250 85
315 101 45 250 170
315 102 46 250 170
315 104 46 250 170
315 121 65 250 163
315 -195 116 250 111
315 -187 171 250 79
315 44 64 250 183
316 -128 68 250 85
316 100 66 250 85
316 -132 75 250 85
316 -197 64 250 110
316 95 41 250 173
316 90 40 250 182
316 28 62 250 155
316 -195 115 250 111
316 47 62 250 183
316 -184 168 250 79
316 -181 172 250 79
316 41 65 250 183
316 43 65 250 183
316 45 64 250 183
316 47 63 250 183
317 -210 16 250 78
317 -141 49 250 79
317 -132 74 250 85
317 -198 64 250 109
317 94 41 250 172
317 94 42 250 172
317 95 43 250 172
317 115 66 250 167
317 -195 116 250 111
317 48 64 250 182
317 -221 166 250 84
317 -181 173 250 78
317 42 66 250 182
317 44 66 250 182
317 45 66 250 182
317 47 65 250 182
318 -198 65 250 109
318 -132 76 250 85
318 77 30 250 185
318 85 34 250 179
318 114 59 250 164
318 -194 116 250 112
318 -182 173 250 78
318 44 70 250 179
318 45 69 250 179
318 46 69 250 179
319 -217 16 250 78
319 -215 15 250 78
319 -211 15 250 78
319 89 63 250 89
319 74 24 250 192
319 -199 65 250 108
319 -128 74 250 86
319 -128 71 250 86
319 109 55 250 167
319 109 54 250 167
319 106 56 250 167
319 106 55 250 167
319 -195 116 250 111
319 47 68 250 178
319 -203 159 250 90
319 -184 168 250 79
319 44 71 250 178
319 45 71 250 178
319 46 69 250 178
320 43 61 250 104
320 71 23 250 192
320 -198 64 250 109
320 -128 74 250 86
320 -128 71 250 86
320 103 53 250 168
320 -197 117 250 110
320 47 70 250 177
320 -184 168 250 79
320 44 72 250 177
320 45 72 250 177
320 47 71 250 177
321 62 20 250 189
321 -128 73 250 86
321 -128 71 250 86
321 -198 65 250 109
321 210 76 250 105
321 100 50 250 166
321 -197 117 250 110
321 -216 163 250 87
321 42 74 250 176
322 61 17 250 132
322 76 17 250 138
322 -129 75 250 87
322 213 67 250 103
322 -197 64 250 110
322 94 44 250 164
322 96 52 250 163
322 -197 113 250 110
322 -182 173 250 78
322 38 74 250 175
323 -217 24 250 79
323 60 27 250 103
323 -129 75 250 87
323 94 41 250 164
323 215 67 250 103
323 -197 64 250 110
323 94 44 250 164
323 94 43 250 164
323 92 51 250 163
323 -197 113 250 110
323 -221 165 250 83
323 -182 173 250 78
323 35 73 250 176
324 -129 74 250 87
324 94 41 250 164
324 217 66 250 101
324 -197 64 250 110
324 91 48 250 165
324 -197 113 250 110
324 -219 165 250 86
324 -181 172 250 79
324 32 72 250 177
325 -220 40 250 95
325 234 57 250 94
325 -130 75 250 86
325 -198 65 250 109
325 244 83 250 88
325 91 52 250 166
325 -202 113 250 107
325 -185 163 250 79
325 -183 168 250 79
325 26 67 250 181
326 230 60 250 95
326 -130 76 250 86
326 -197 64 250 110
326 -132 76 250 86
326 97 47 250 162
326 92 53 250 163
326 94 53 250 164
326 94 57 250 163
326 99 56 250 164
326 78 105 250 104
326 -201 113 250 107
326 -181 173 250 78
326 23 67 250 181
327 79 20 250 125
327 -222 40 250 94
327 49 26 250 120
327 227 40 250 95
327 -131 75 250 86
327 -197 64 250 110
327 95 55 250 164
327 95 56 250 164
327 96 54 250 164
327 98 56 250 164
327 94 60 250 165
327 -198 113 250 109
327 89 108 250 129
327 -185 169 250 78
327 -181 173 250 78
327 19 68 250 180
327 20 68 250 180
327 22 68 250 180
327 81 119 250 129
328 59 17 250 133
328 225 40 250 95
328 236 56 250 93
328 -129 73 250 87
328 -197 64 250 110
328 98 58 250 164
328 95 59 250 164
328 96 58 250 164
328 -203 113 250 106
328 89 62 250 164
328 91 64 250 164
328 -185 169 250 78
328 -181 173 250 78
328 17 69 250 179
328 18 69 250 179
328 19 69 250 179
328 91 115 250 133
329 -211 25 250 77
329 70 18 250 129
329 53 18 250 129
329 227 38 250 94
329 -200 63 250 108
329 -132 76 250 86
329 91 58 250 163
329 96 56 250 164
329 91 60 250 163
329 89 61 250 163
329 -203 113 250 106
329 79 115 250 114
329 -185 169 250 78
329 -182 173 250 78
329 17 71 250 177
329 19 70 250 178
330 -217 32 250 86
330 64 30 250 113
330 231 43 250 91
330 -200 65 250 108
330 -130 75 250 87
330 93 54 250 165
330 90 57 250 164
330 88 58 250 164
330 -203 112 250 106
330 90 60 250 164
330 90 61 250 164
330 -184 171 250 79
330 18 71 250 178
330 21 71 250 178
331 241 30 250 90
331 231 44 250 95
331 19 61 250 105
331 233 55 250 90
331 -200 66 250 108
331 -130 75 250 87
331 89 50 250 165
331 32 70 250 147
331 -203 113 250 106
331 21 72 250 177
331 22 72 250 177
331 23 72 250 177
332 228 26 250 97
332 -207 40 250 105
332 224 42 250 99
332 216 52 250 102
332 -130 75 250 87
332 33 64 250 112
332 88 42 250 160
332 -198 65 250 109
332 81 44 250 160
332 82 44 250 160
332 86 42 250 160
332 -202 111 250 106
332 -214 160 250 89
332 -181 173 250 78
332 31 72 250 177
333 220 22 250 99
333 -218 32 250 86
333 207 51 250 108
333 -130 76 250 86
333 80 41 250 159
333 -196 63 250 111
333 -132 76 250 86
333 83 41 250 161
333 -202 115 250 106
333 -185 169 250 78
333 -182 173 250 78
333 29 72 250 177
333 33 71 250 178
334 207 33 250 107
334 204 47 250 109
334 -197 64 250 110
334 -131 76 250 86
334 75 38 250 160
334 76 38 250 160
334 79 38 250 160
334 204 57 250 109
334 -131 76 250 86
334 -202 113 250 106
334 -181 173 250 78
334 31 70 250 179
334 34 69 250 180
335 194 37 250 116
335 69 34 250 159
335 -200 60 250 108
335 -131 76 250 85
335 -133 76 250 85
335 200 63 250 111
335 -201 117 250 107
335 -213 164 250 83
335 -182 173 250 78
335 31 66 250 182
335 32 66 250 182
335 33 66 250 182
336 203 14 250 110
336 188 36 250 120
336 -201 57 250 107
336 65 34 250 158
336 -131 76 250 85
336 -133 76 250 85
336 -200 111 250 108
336 -222 167 250 83
336 31 65 250 182
337 182 36 250 124
337 -163 56 250 83
337 -200 51 250 108
337 56 34 250 158
337 58 34 250 158
337 60 34 250 158
337 -173 81 250 80
337 -132 76 250 86
337 -198 111 250 109
337 31 61 250 182
337 -185 169 250 78
337 -181 173 250 78
338 197 13 250 113
338 181 34 250 123
338 -168 57 250 82
338 -201 55 250 107
338 -177 64 250 83
338 50 34 250 158
338 56 34 250 157
338 -132 76 250 85
338 -176 80 250 82
338 -177 82 250 82
338 -133 76 250 85
338 -197 109 250 110
338 33 60 250 182
338 -219 173 250 78
338 -216 174 250 78
338 -203 169 250 78
338 -185 169 250 78
338 -181 172 250 78
338 37 65 250 182
339 171 5 250 128
339 168 32 250 134
339 -202 48 250 106
339 37 30 250 156
339 -128 69 250 85
339 -136 78 250 84
339 -136 77 250 84
339 46 57 250 175
339 -194 104 250 112
339 41 64 250 180
339 -210 166 250 85
339 -186 171 250 79
339 42 66 250 180
339 44 68 250 180
339 46 67 250 180
340 158 4 250 138
340 162 12 250 138
340 163 23 250 136
340 33 26 250 149
340 -202 52 250 106
340 166 35 250 134
340 -174 61 250 91
340 -128 68 250 85
340 -189 67 250 92
340 -136 78 250 84
340 -136 77 250 84
340 38 58 250 151
340 -195 105 250 111
340 -207 151 250 87
340 -206 160 250 87
340 -206 164 250 87
340 -187 168 250 79
340 47 69 250 178
340 49 69 250 178
340 51 70 250 178
341 154 18 250 144
341 21 23 250 153
341 -202 52 250 106
341 -164 53 250 86
341 -129 69 250 84
341 -168 66 250 93
341 -132 75 250 84
341 40 65 250 148
341 21 70 250 146
341 -194 105 250 112
341 55 70 250 177
341 -212 164 250 83
341 -190 171 250 79
341 -184 171 250 79
341 -181 172 250 79
341 50 73 250 176
341 55 72 250 177
341 55 71 250 177
342 145 10 250 146
342 148 14 250 146
342 146 17 250 145
342 6 19 250 150
342 10 21 250 147
342 150 20 250 145
342 -201 46 250 107
342 151 32 250 144
342 -129 69 250 84
342 -162 69 250 97
342 -131 75 250 84
342 -141 78 250 84
342 -195 104 250 111
342 60 82 250 165
342 -199 172 250 78
342 -191 172 250 78
342 -185 169 250 78
342 -181 173 250 78
342 54 86 250 163
342 60 84 250 165
343 -176 34 250 84
343 -176 33 250 84
343 144 19 250 149
343 2 20 250 149
343 144 28 250 149
343 -200 45 250 108
343 144 36 250 150
343 -129 75 250 84
343 -129 71 250 84
343 -162 73 250 102
343 -162 72 250 102
343 -195 104 250 111
343 52 84 250 157
343 55 86 250 160
343 -204 162 250 89
343 -184 172 250 79
343 -181 172 250 79
343 46 89 250 160
343 48 89 250 160
343 53 89 250 160
343 56 88 250 160
344 -184 34 250 83
344 0 25 250 142
344 -153 50 250 80
344 -200 45 250 108
344 -128 72 250 85
344 134 40 250 155
344 -163 74 250 102
344 -163 73 250 102
344 -1 57 250 123
344 -195 105 250 111
344 49 77 250 160
344 51 84 250 159
344 53 84 250 159
344 56 87 250 159
344 -209 174 250 78
344 -187 171 250 79
344 51 88 250 159
345 -182 34 250 85
345 -15 23 250 147
345 -201 45 250 108
345 -135 74 250 85
345 -159 74 250 102
345 -156 72 250 102
345 -14 55 250 127
345 57 68 250 120
345 127 44 250 159
345 -185 88 250 108
345 125 51 250 157
345 57 76 250 148
345 -194 106 250 112
345 -187 172 250 78
345 -185 172 250 78
345 -182 173 250 78
345 57 90 250 159
346 -20 16 250 148
346 -179 35 250 81
346 -24 23 250 149
346 -199 43 250 109
346 -127 69 250 85
346 -136 77 250 84
346 -22 56 250 125
346 -173 84 250 100
346 -171 81 250 100
346 114 53 250 168
346 -191 107 250 114
346 77 87 250 159
346 -202 168 250 83
346 -187 171 250 79
346 66 90 250 159
346 68 90 250 159
346 74 90 250 159
346 76 89 250 159
347 -179 35 250 80
347 -26 21 250 150
347 -26 22 250 150
347 125 33 250 143
347 -199 43 250 109
347 -127 70 250 86
347 -128 74 250 86
347 -128 70 250 86
347 -34 55 250 126
347 -174 84 250 101
347 -160 78 250 99
347 -179 87 250 101
347 109 54 250 172
347 -191 107 250 114
347 79 85 250 161
347 -184 171 250 79
347 79 88 250 161
347 79 86 250 161
348 -212 16 250 77
348 -21 16 250 146
348 108 32 250 98
348 -31 24 250 148
348 -150 52 250 78
348 -199 42 250 109
348 -127 70 250 87
348 -175 83 250 101
348 105 56 250 174
348 -188 105 250 116
348 103 58 250 174
348 -209 156 250 86
348 -182 173 250 78
348 81 89 250 160
349 -21 15 250 142
349 -32 19 250 144
349 -32 17 250 144
349 -158 53 250 77
349 -197 42 250 110
349 -4 45 250 123
349 -129 73 250 87
349 -162 70 250 106
349 -171 77 250 109
349 -188 106 250 116
349 96 59 250 174
349 97 59 250 174
349 101 58 250 174
349 102 58 250 174
349 94 62 250 173
349 -208 173 250 79
349 -202 171 250 79
349 -198 171 250 79
349 -181 173 250 78
349 95 88 250 159
350 -218 17 250 78
350 -22 14 250 135
350 -22 15 250 135
350 94 29 250 113
350 -196 42 250 111
350 -127 69 250 86
350 -129 73 250 86
350 -178 86 250 100
350 95 56 250 174
350 90 59 250 173
350 95 57 250 174
350 -187 105 250 117
350 95 58 250 174
350 89 62 250 174
350 -184 163 250 79
350 -186 171 250 79
350 -187 168 250 79
351 -24 10 250 123
351 -26 34 250 114
351 -195 42 250 111
351 -127 69 250 86
351 -130 72 250 86
351 -164 68 250 100
351 -157 110 250 74
351 91 56 250 173
351 -189 106 250 115
351 85 58 250 174
351 88 62 250 173
351 -220 164 250 79
351 -202 154 250 79
351 -219 169 250 79
351 -218 172 250 79
351 -190 171 250 79
351 -181 173 250 78
352 -26 11 250 110
352 -28 27 250 105
352 -196 42 250 111
352 77 39 250 143
352 -127 70 250 86
352 -167 64 250 102
352 -128 73 250 86
352 -128 70 250 86
352 82 56 250 174
352 -189 105 250 115
352 79 59 250 175
352 -221 167 250 85
352 -198 171 250 79
352 -190 171 250 79
352 -186 171 250 79
353 -208 15 250 80
353 -33 14 250 85
353 -31 14 250 85
353 -21 24 250 85
353 -28 34 250 81
353 -197 43 250 110
353 -29 53 250 78
353 -128 70 250 85
353 72 45 250 142
353 -128 73 250 85
353 -177 67 250 109
353 -189 99 250 115
353 73 59 250 175
353 70 60 250 175
353 71 61 250 175
353 73 60 250 175
353 72 61 250 175
353 -211 175 250 77
353 -184 171 250 79
354 -33 23 250 77
354 -22 25 250 76
354 -42 34 250 76
354 -26 33 250 75
354 -196 44 250 111
354 63 41 250 138
354 -129 73 250 87
354 -172 63 250 114
354 61 53 250 143
354 76 52 250 152
354 -187 98 250 117
354 66 63 250 175
354 68 63 250 175
354 69 63 250 175
354 -210 174 250 78
354 -187 171 250 79
354 -184 171 250 79
354 -181 172 250 79
354 113 104 250 145
355 -177 34 250 83
355 -197 44 250 110
355 -129 73 250 87
355 -180 68 250 107
355 -185 97 250 118
355 -188 164 250 78
355 62 69 250 176
355 -212 175 250 77
355 -187 169 250 78
355 -185 169 250 78
355 -181 173 250 78
355 61 70 250 176
355 119 105 250 144
356 -198 44 250 109
356 -129 73 250 87
356 -174 63 250 118
356 58 60 250 145
356 -188 98 250 116
356 -198 155 250 86
356 -184 171 250 79
356 -181 172 250 79
356 58 75 250 173
356 125 102 250 146
356 133 103 250 146
357 -184 34 250 84
357 -198 42 250 109
357 -131 73 250 86
357 -175 63 250 117
357 55 58 250 140
357 -185 96 250 118
357 -210 165 250 85
357 -187 171 250 79
357 56 78 250 171
357 60 77 250 172
357 131 99 250 150
358 -200 43 250 108
358 -131 73 250 86
358 -183 63 250 119
358 59 68 250 144
358 -179 97 250 113
358 59 80 250 167
358 -197 170 250 80
358 -187 171 250 79
358 55 82 250 167
358 57 82 250 167
358 59 81 250 167
358 131 92 250 157
359 -200 38 250 108
359 -132 73 250 85
359 -198 67 250 109
359 61 72 250 149
359 121 94 250 104
359 -178 97 250 113
359 61 74 250 149
359 60 80 250 149
359 61 76 250 149
359 133 86 250 154
359 58 84 250 161
359 -198 171 250 79
359 -182 173 250 78
359 51 87 250 161
359 53 87 250 161
359 56 87 250 161
359 58 86 250 161
359 131 93 250 156
360 -202 31 250 106
360 -132 73 250 85
360 -207 66 250 104
360 43 65 250 140
360 150 72 250 146
360 -185 98 250 118
360 50 86 250 150
360 133 80 250 154
360 128 85 250 156
360 -186 171 250 79
360 49 95 250 153
361 -207 31 250 103
361 -129 69 250 84
361 -197 64 250 110
361 -132 74 250 84
361 154 63 250 118
361 -191 101 250 114
361 46 81 250 147
361 -189 106 250 115
361 120 82 250 145
361 130 79 250 153
361 144 78 250 150
361 -214 160 250 83
361 -214 164 250 83
361 -187 171 250 79
361 42 98 250 151
362 -208 31 250 102
362 -129 69 250 84
362 -198 63 250 109
362 -132 74 250 84
362 129 80 250 126
362 -187 100 250 114
362 -183 97 250 114
362 138 78 250 151
362 -189 106 250 115
362 42 88 250 146
362 -196 170 250 80
362 -187 171 250 79
362 39 100 250 149
363 -207 27 250 103
363 -201 59 250 107
363 -130 73 250 86
363 144 58 250 133
363 157 53 250 143
363 -185 99 250 118
363 25 91 250 141
363 -206 162 250 81
363 -206 167 250 81
363 -187 171 250 79
363 27 101 250 147
364 -208 27 250 102
364 165 33 250 122
364 169 36 250 132
364 -129 69 250 84
364 -201 59 250 108
364 -132 75 250 84
364 -139 77 250 84
364 154 50 250 143
364 -185 99 250 118
364 -183 163 250 79
364 26 99 250 145
364 -181 168 250 79
364 -181 172 250 79
364 20 104 250 144
364 85 163 250 85
364 93 162 250 87
